ROUND is : 1076
全局模型0的所有信息如下
epoch is : 128
----------------------------------------------
acc is : [0.0, 40.0, 40.0, 0.0, 0.0, 20.0, 40.0, 20.0, 59.9609375, 44.328425489366055, 83.94230775535107, 91.90655052661896, 81.79987996816635, 99.5417669415474, 67.99579333979636, 42.13040880160406, 99.6243990957737, 96.04867815971375, 59.0069112367928, 69.68750022351742, 84.34344977140427, 92.62169510126114, 67.49399053864181, 77.080829590559, 70.11869013309479, 69.46514442563057, 83.91075745224953, 66.71274062246084, 56.70673098415136, 71.14933922886848, 81.4513224363327, 77.78996422886848, 81.10576957464218, 82.7509018778801, 74.5958536863327, 70.2208536863327, 69.96844977140427, 71.01111814379692, 92.1935099363327, 85.54537311196327, 73.24819751083851, 80.81730797886848, 83.7560098618269, 73.70643064379692, 72.9071518778801, 89.00691136717796, 84.98798117041588, 81.06820955872536, 89.50270473957062, 90.51983207464218, 84.78365436196327, 89.44411098957062, 76.00210376083851, 78.25871430337429, 70.33954352140427, 82.21153877675533, 71.37770466506481, 87.84555330872536, 92.58263260126114, 94.8302286863327, 93.81159886717796, 89.67848598957062, 93.34435150027275, 76.69320955872536, 90.87890654802322, 93.38341385126114, 94.44260850548744, 91.43930315971375, 94.79717582464218, 72.29717575013638, 88.3804090321064, 93.16256061196327, 93.02133470773697, 94.3870197236538, 92.97926738858223, 91.71875044703484, 92.60516867041588, 94.74008455872536, 94.28786098957062, 90.8323322236538, 92.4729572236538, 92.58113026618958, 95.39062544703484, 91.81941136717796, 93.037860840559, 92.92217582464218, 89.98647883534431, 85.7782456278801, 92.26412311196327, 96.12229600548744, 94.95793297886848, 81.97265669703484, 86.8134018778801, 77.16195940971375, 75.97205556929111, 82.44290888309479, 80.32902672886848, 78.89272883534431, 84.32992845773697, 91.60306543111801, 95.88191151618958, 90.1772840321064, 86.81490436196327, 90.79176723957062, 93.07692348957062, 93.48707973957062, 85.4071518778801, 86.31159901618958, 83.20613011717796, 80.42668297886848, 96.5685099363327, 93.6974161863327, 84.38251242041588, 84.51171919703484, 88.07692348957062, 91.1388224363327, 93.58022883534431, 94.08353418111801, 94.39002424478531, 95.31099796295166, 95.51532477140427, 94.21274065971375, 80.26442341506481, 82.69230797886848, 67.04477183520794, 73.80709163844585, 72.14242815971375, 63.46604600548744, 89.61388260126114]
----------------------------------------------
fisher is : [0.0, -62.541685447096825, -62.541685447096825, -63.81111018359661, -63.81111018359661, -132.4858535528183, -202.77288776636124, -202.77288776636124, -265.0991973057389, -380.70267363637686, -389.94764878600836, -454.0793022289872, -457.2970332875848, -461.4741991534829, -575.2820859923959, -639.7671317979693, -648.0452195331454, -702.6539957150817, -765.6024196203798, -765.6024196203798, -816.0812440086156, -875.7849829467013, -877.5061288150027, -881.293255505152, -881.293255505152, -941.3421962950379, -1002.1555711589754, -1008.2005052529275, -1117.3732811771333, -1243.1763818897307, -1305.2520324969664, -1359.5288373278454, -1423.4472383661196, -1423.4472383661196, -1428.3431213898584, -1428.3431213898584, -1485.1002004472539, -1485.1002004472539, -1546.8542826417834, -1546.8542826417834, -1654.8383695464581, -1654.8383695464581, -1654.8383695464581, -1654.8383695464581, -1759.473139392212, -1761.2526815403253, -1761.2526815403253, -1761.2526815403253, -1770.4986542332917, -1807.5297071790555, -1854.380452637677, -1859.0771218586015, -1862.5141776549863, -1862.5141776549863, -1862.5141776549863, -1862.5141776549863, -1938.3847701711347, -1945.373000518768, -1999.6097653418547, -2003.3374855428701, -2003.3374855428701, -2096.3891579032643, -2136.2071833189693, -2153.6890538252774, -2153.6890538252774, -2153.6890538252774, -2153.6890538252774, -2156.2312223829213, -2238.602094847185, -2238.602094847185, -2248.360183078272, -2266.1663480582065, -2310.843508049089, -2311.8327374152723, -2319.1842532252303, -2319.1842532252303, -2326.3723700671144, -2326.3723700671144, -2331.493000718827, -2341.306381437058, -2357.982848241838, -2361.0457390694937, -2449.4247377628053, -2459.3104617100907, -2460.598476479645, -2471.585065241794, -2475.6990114971395, -2478.2423474415536, -2479.487327180743, -2482.0986891909834, -2551.0455346578947, -2553.369858252465, -2556.7872847045055, -2556.7872847045055, -2583.309457775298, -2589.494348950677, -2625.020180669242, -2631.1725851564897, -2700.818902882258, -2713.91367438666, -2713.91367438666, -2725.6206015669504, -2741.7796488129297, -2741.7796488129297, -2752.4867680393854, -2810.2075570019424, -2810.2075570019424, -2810.2075570019424, -2810.2075570019424, -2818.606842169398, -2821.6482835205734, -2834.6097151565864, -2834.6097151565864, -2846.0463021922424, -2847.552081667216, -2847.552081667216, -2865.6423372792797, -2865.6423372792797, -2865.6423372792797, -2865.6423372792797, -2895.1430694960527, -2895.1430694960527, -2895.1430694960527, -2895.1430694960527, -2895.1430694960527, -2895.1430694960527, -2895.1430694960527, -2895.1430694960527, -2926.4546770777397]
----------------------------------------------
time is : [12.550917342117561, 0, 9.705001284354271, 0.8543835896998644, 0, 0, 0.9224269101143108, 13.556059222652038, 0, 2.2768360190093517]
----------------------------------------------
END is : [0, 0, 0, 0, 0, 0, 0, 0, 0, 0]
----------------------------------------------
delta is : [0, 0, 0, 0, 0.1398996223858972, 0, 0, 0, 0, 0]
全局模型1的所有信息如下
epoch is : 138
----------------------------------------------
acc is : [0.0, 0.0, 0.0, 0.0, 22.557091377675533, 40.0, 80.4236778896302, 80.4236778896302, 56.60006012767553, 85.33653847873211, 80.9254807792604, 98.24068516492844, 87.71334141492844, 98.9558294415474, 99.7025240957737, 82.58713975548744, 66.74278858117759, 60.56340160779655, 78.54717582464218, 79.16165888309479, 92.04026460647583, 90.08113011717796, 93.22566136717796, 51.42427898943425, 64.80168297886848, 75.33052906394005, 85.4221759736538, 73.86418297886848, 82.46995225548744, 84.27283689379692, 76.8614786863327, 67.4083536863327, 75.3380411490798, 78.33533689379692, 90.16826957464218, 90.64453169703484, 94.68149080872536, 94.97596189379692, 91.62259638309479, 91.63311332464218, 90.3290268778801, 83.7469956278801, 85.53034901618958, 83.05138275027275, 75.9690509736538, 74.71754841506481, 69.2397839576006, 71.01562544703484, 70.92698343098164, 86.70673131942749, 92.92818531394005, 93.70943531394005, 93.30078154802322, 89.483173340559, 80.64152672886848, 70.58894265443087, 70.76772850006819, 76.58203169703484, 66.62109397351742, 71.7352769523859, 79.29837793111801, 69.4155653566122, 70.04507251083851, 93.85967582464218, 93.51562544703484, 93.58473598957062, 93.12800511717796, 92.33173131942749, 85.8323322236538, 87.98677921295166, 94.73557740449905, 90.74519276618958, 88.84765669703484, 92.08834171295166, 91.27704367041588, 93.28876242041588, 91.56550511717796, 93.0093152821064, 79.29537311196327, 75.95102220773697, 76.39272883534431, 84.2983777821064, 93.99338960647583, 94.93539690971375, 92.45943546295166, 92.5600965321064, 92.9462143778801, 95.53034901618958, 96.02463975548744, 92.57662296295166, 85.8759018778801, 89.69351008534431, 91.43028900027275, 93.3067911863327, 84.6890027821064, 69.86628621816635, 75.71063734591007, 78.13251234591007, 73.18209171295166, 72.56310135126114, 95.85336595773697, 87.19050526618958, 90.97205564379692, 92.21003636717796, 94.31640669703484, 89.14663508534431, 77.72836565971375, 87.44891867041588, 93.65534886717796, 94.131610840559, 96.14783674478531, 81.93359419703484, 88.43449547886848, 88.73497635126114, 95.58894261717796, 86.70823350548744, 90.87740421295166, 92.76442348957062, 87.80649080872536, 89.29086595773697, 90.22085383534431, 86.71574547886848, 92.77343794703484, 94.00841370224953, 95.76021656394005, 98.14302906394005, 93.86568546295166, 94.63641867041588, 95.14873832464218, 95.13822138309479, 94.89182740449905, 94.37049329280853, 80.13671912252903, 94.44411098957062, 76.78485609591007, 91.96063742041588, 88.43299329280853, 68.25871422886848, 55.54987993091345]
----------------------------------------------
fisher is : [0.0, 0.0, -2.512001484632492, -2.512001484632492, -2.512001484632492, -6.2017379850149155, -6.2017379850149155, -6.2017379850149155, -6.2017379850149155, -6.2017379850149155, -14.363119453191757, -31.01125342026353, -34.54960883036256, -34.54960883036256, -42.72240363433957, -42.72240363433957, -42.72240363433957, -56.79889368824661, -56.79889368824661, -79.14071552269161, -79.14071552269161, -97.93074111267924, -97.93074111267924, -117.52275450900197, -117.52275450900197, -138.34067605808377, -153.89778010640293, -153.89778010640293, -153.89778010640293, -153.89778010640293, -153.89778010640293, -153.89778010640293, -170.80401240568608, -187.3600654276088, -202.85156463924795, -222.49506431352347, -222.49506431352347, -239.34719782415777, -239.34719782415777, -256.834832620807, -256.834832620807, -270.4301539566368, -270.4301539566368, -270.4301539566368, -270.4301539566368, -270.4301539566368, -270.4301539566368, -270.4301539566368, -270.4301539566368, -291.9611586574465, -310.63922720216215, -316.6165937501937, -339.971459036693, -339.971459036693, -339.971459036693, -339.971459036693, -339.971459036693, -339.971459036693, -339.971459036693, -339.971459036693, -339.971459036693, -339.971459036693, -360.40190929733217, -360.40190929733217, -360.40190929733217, -364.3342434577644, -364.3342434577644, -364.3342434577644, -364.3342434577644, -364.3342434577644, -364.3342434577644, -379.96611971687526, -379.96611971687526, -384.9745490299538, -384.9745490299538, -399.0818407163024, -419.3539657741785, -427.864754781127, -427.864754781127, -427.864754781127, -427.864754781127, -446.8586967252195, -449.6138256068807, -466.5719094972592, -476.4297474625055, -476.4297474625055, -479.38000096403994, -507.8402565543074, -507.8402565543074, -519.4028362932149, -529.972404193366, -529.972404193366, -553.4273963833693, -553.4273963833693, -553.4273963833693, -553.4273963833693, -553.4273963833693, -574.8324529428501, -574.8324529428501, -574.8324529428501, -588.6042305091396, -588.6042305091396, -588.6042305091396, -589.7914977250621, -611.5206427602097, -611.5206427602097, -611.5206427602097, -619.5729250907898, -630.6521569788456, -655.1551914513111, -676.9528634510934, -676.9528634510934, -676.9528634510934, -681.3789772503078, -686.4639849103987, -713.8329285483342, -716.1259439128917, -723.2440049822908, -723.2440049822908, -723.2440049822908, -723.2440049822908, -729.5808336238842, -736.6904130231123, -736.6904130231123, -736.6904130231123, -740.512381735025, -740.512381735025, -740.512381735025, -740.512381735025, -750.0251723519759, -763.7741986202309, -763.7741986202309, -783.1395039596828, -812.1043340341421, -812.1043340341421, -812.1043340341421, -812.1043340341421, -812.1043340341421, -812.1043340341421]
----------------------------------------------
time is : [2.403766836906801, 0, 0, 10.085966793005355, 0.8548791249425562, 10.544972680974752, 9.510294732169314, 9.635028637006712, 1.6758727851301956, 1.8391353145125322]
----------------------------------------------
END is : [0, 0, 0, 0, 0, 0, 0, 0, 0, 0]
----------------------------------------------
delta is : [0, 0, 0, 0, 0.1398996223858972, 0, 0, 0, 0, 0]
全局模型2的所有信息如下
epoch is : 200
----------------------------------------------
acc is : [0.0, 20.0, 20.0, 40.0, 46.8509615957737, 100.0, 80.4236778896302, 80.3846153896302, 36.60006012767553, 60.37259615957738, 44.39603365957737, 42.84254811704159, 37.62920677661896, 62.14843767695128, 97.78245210647583, 99.4636419415474, 31.347656284924597, 77.67127426341176, 62.51953147351742, 71.26201957464218, 71.60907484591007, 77.78846174478531, 66.29056513309479, 68.26622620224953, 77.91466385126114, 73.43299299478531, 69.54326942563057, 84.96394261717796, 86.846454590559, 93.08894246816635, 76.37319728732109, 41.84495210647583, 47.919170930981636, 60.576923340559006, 80.22836565971375, 77.998798340559, 79.71604585647583, 78.78605797886848, 71.18088960647583, 82.8290268778801, 80.2854572236538, 73.94981995224953, 80.62800511717796, 78.99338975548744, 79.11959171295166, 78.78004848957062, 78.1460340321064, 85.87890654802322, 66.74579363316298, 75.44921919703484, 90.08864223957062, 84.5718152821064, 78.10997642576694, 79.84825767576694, 87.81099811196327, 77.393329590559, 82.90715165436268, 81.94110609591007, 85.11718809604645, 89.74759668111801, 81.66616633534431, 83.9423081278801, 85.91195955872536, 87.0718152821064, 94.61388260126114, 86.23948365449905, 80.99609404802322, 81.81039690971375, 74.25781294703484, 86.3206134736538, 81.35967582464218, 81.33864231407642, 68.99188734591007, 80.99459171295166, 83.41346189379692, 84.93689939379692, 86.71724796295166, 88.08443546295166, 88.81610617041588, 89.99849811196327, 85.99909901618958, 92.88912281394005, 93.04687529802322, 91.63762047886848, 93.46153870224953, 88.08443546295166, 86.86448350548744, 69.29236818104982, 89.94591370224953, 91.21394276618958, 93.6688706278801, 93.49008455872536, 93.8641831278801, 93.22716385126114, 91.34465172886848, 90.84435150027275, 89.23978388309479, 88.76502454280853, 93.50510865449905, 88.58022883534431, 92.24008455872536, 87.71334171295166, 90.60997635126114, 89.16766867041588, 91.12079381942749, 89.54627454280853, 91.05018079280853, 91.60757273435593, 92.3692911863327, 93.90474796295166, 89.89783704280853, 86.42127454280853, 75.55739238858223, 93.71844977140427, 94.93990406394005, 94.99399065971375, 94.03245225548744, 91.92457973957062, 94.0489786863327, 95.69711580872536, 94.5958536863327, 87.98828169703484, 84.87830579280853, 87.1063706278801, 85.35607010126114, 85.6850965321064, 85.84284901618958, 81.7157456278801, 76.9981974363327, 71.57902672886848, 71.66466370224953, 77.19200752675533, 87.1739786863327, 83.70342567563057, 81.52494013309479, 73.50510850548744, 74.31490421295166, 86.39423131942749, 87.9071518778801, 75.97055330872536, 70.98257258534431, 93.7815509736538, 92.6532456278801, 86.10126256942749, 85.29146686196327, 94.4501206278801, 92.4038465321064, 86.76232025027275, 89.8843152821064, 87.92217582464218, 81.73377424478531, 94.14813756942749, 93.60276490449905, 93.42998832464218, 95.06760835647583, 86.47686332464218, 91.6225965321064, 96.62409886717796, 92.70883440971375, 93.90625029802322, 94.54477205872536, 94.70252439379692, 87.05979600548744, 88.17157492041588, 91.15685135126114, 94.73557725548744, 91.55048117041588, 91.3341349363327, 92.8876206278801, 91.03966385126114, 93.80709186196327, 96.85246452689171, 93.37740421295166, 89.04296904802322, 91.30709171295166, 97.0177286863327, 95.92998832464218, 90.93449577689171, 93.52013260126114, 93.7319715321064, 95.84284901618958, 95.4897840321064, 94.41857025027275, 94.23377454280853, 90.86238026618958, 80.65805323421955, 82.28515662252903, 94.31640654802322, 94.13461580872536, 94.24879848957062, 90.42518064379692, 84.74909886717796, 73.81159894168377, 83.60727213323116, 93.34435150027275, 91.82091385126114, 93.49459186196327, 92.17097416520119, 86.79086565971375, 62.519531548023224, 75.37560131400824]
----------------------------------------------
fisher is : [0.0, 0.0, 0.0, -4.067627191543579, -25.105151057243347, -28.860413908958435, -30.249856382608414, -189.5402681529522, -371.3045629262924, -372.77102968096733, -374.5187825858593, -374.5187825858593, -555.4381626844406, -562.8170335888863, -562.8170335888863, -562.8170335888863, -562.8170335888863, -562.8170335888863, -768.6188754737377, -774.8466672599316, -774.8466672599316, -789.9798368066549, -790.5582308471203, -800.315820902586, -811.5379803627729, -811.5379803627729, -973.4880709089339, -982.9666290394962, -982.9666290394962, -1002.1375977955759, -1006.4963691197336, -1011.2235797606409, -1011.2235797606409, -1019.3504648804665, -1229.8069770485163, -1235.1382078528404, -1235.1382078528404, -1238.8723764419556, -1259.2018621712923, -1276.6880667507648, -1276.6880667507648, -1297.8778990358114, -1421.0646594004938, -1427.1690014140913, -1437.2906502174446, -1439.763873546035, -1676.5239648955176, -1899.3733004616806, -1980.602777149994, -1980.602777149994, -2113.887503517908, -2113.887503517908, -2115.7098261547508, -2121.9739032817306, -2359.8705012631835, -2385.455813279492, -2391.01331481908, -2391.01331481908, -2391.01331481908, -2399.0118715708377, -2399.0118715708377, -2631.6591135432245, -2647.244574675453, -2883.54609902401, -2896.159655200434, -3072.067729396862, -3294.0325027127983, -3297.9973329921486, -3529.2505797987105, -3531.944823706639, -3536.275306547177, -3538.2542211954715, -3538.2542211954715, -3538.2542211954715, -3555.239009821904, -3764.7754731840687, -3977.3989930517273, -4093.677963480106, -4095.1808403280884, -4303.6103641844675, -4303.6103641844675, -4319.305087209432, -4330.679267898886, -4330.679267898886, -4377.405245622314, -4481.584955870465, -4647.622451081581, -4655.639406925238, -4660.6821645555865, -4756.314530491723, -4756.314530491723, -4923.554483460972, -4926.274548816273, -4926.274548816273, -4926.274548816273, -4943.82533895109, -4943.82533895109, -4943.82533895109, -4958.802902093867, -4958.802902093867, -4962.132632947305, -4969.407041108945, -5167.869824404606, -5202.311254883894, -5204.65847987501, -5205.770944928807, -5205.770944928807, -5311.567664972359, -5323.323229199332, -5325.08263522951, -5350.133667973858, -5380.317008770178, -5380.317008770178, -5391.311500406931, -5403.046780622672, -5415.594854629706, -5461.535521054777, -5462.341639106447, -5467.20842332142, -5472.836431180412, -5493.770146024698, -5493.770146024698, -5493.770146024698, -5497.587380851904, -5506.04047560847, -5506.04047560847, -5510.48877105272, -5510.48877105272, -5510.48877105272, -5532.574111671807, -5532.574111671807, -5535.955238656761, -5544.046268289631, -5544.046268289631, -5544.046268289631, -5547.126318519658, -5555.748513610756, -5555.748513610756, -5561.315163643753, -5575.486155236143, -5576.765718303747, -5714.981762214981, -5719.951119109474, -5721.037312209092, -5727.527044499377, -5739.319369281855, -5739.319369281855, -5774.697783981339, -5782.757474845717, -5784.111503994534, -5784.111503994534, -5784.111503994534, -5801.182295585493, -5921.124045655577, -5921.124045655577, -5921.124045655577, -5936.7932469849275, -5936.7932469849275, -5947.868921995609, -5960.526750088184, -5969.954965293853, -5969.954965293853, -5990.413951456992, -6037.132298306855, -6048.369680718812, -6079.705222752529, -6098.403959553781, -6170.150610933671, -6181.625823924908, -6185.0052298919845, -6185.0052298919845, -6185.0052298919845, -6185.81504480332, -6307.084112303654, -6307.575524977731, -6307.575524977731, -6310.85922547369, -6310.85922547369, -6320.576466939735, -6323.558971166002, -6339.669312536108, -6352.168755828726, -6362.716123937952, -6363.483726500856, -6363.795110556154, -6368.130797008142, -6368.130797008142, -6380.651735821828, -6427.195813844914, -6427.195813844914, -6444.633599397728, -6444.633599397728, -6446.684817167583, -6585.298082586904, -6585.298082586904, -6588.526481446404, -6589.1192509574485, -6592.717993753295, -6597.70889844213, -6597.70889844213, -6597.70889844213]
----------------------------------------------
time is : [9.718941910355786, 1.07230079175714, 13.999209661976115, 9.832681850190966, 0.6418309617583873, 2.11432195128873, 11.059319514140952, 8.143826896892605, 0, 16.49451943783788]
----------------------------------------------
END is : [0, 0, 0, 0, 0, 0, 0, 0, 0, 0]
----------------------------------------------
delta is : [0, 0, 0, 0, 0.1398996223858972, 0, 0, 0, 0, 0]
全局模型3的所有信息如下
epoch is : 82
----------------------------------------------
acc is : [0.0, 0.0, 40.0, 0.0, 20.0, 86.8509615957737, 100.0, 42.84254811704159, 91.90655052661896, 61.7788461688906, 97.78245210647583, 87.90114223957062, 96.79687529802322, 76.46334186196327, 93.96634638309479, 82.50751227140427, 93.34735602140427, 75.95853388309479, 53.51262040436268, 41.49188719689846, 73.233173340559, 73.03485617041588, 71.65865417569876, 75.64453154802322, 77.76742838323116, 95.41316151618958, 90.22085383534431, 83.93780082464218, 90.64002454280853, 76.18689954280853, 89.50570955872536, 90.22836580872536, 88.70943561196327, 77.84555323421955, 81.25601008534431, 87.43840202689171, 83.90625044703484, 86.72626242041588, 95.41766852140427, 91.8524643778801, 76.76232010126114, 77.30318538844585, 76.72626249492168, 89.3179090321064, 90.89843779802322, 89.873798340559, 82.58563756942749, 92.00270473957062, 88.0138224363327, 92.04477205872536, 91.39723613858223, 87.70432725548744, 93.08143049478531, 93.47506046295166, 93.7515027821064, 86.91556543111801, 85.0991590321064, 78.02283704280853, 86.82391881942749, 89.99849811196327, 90.99158689379692, 84.52373817563057, 84.60036113858223, 88.26772883534431, 92.43088975548744, 96.52644246816635, 96.17037296295166, 91.6917072236538, 93.08593794703484, 86.82692348957062, 86.05018079280853, 93.88070970773697, 90.44320955872536, 96.2710340321064, 94.05799314379692, 78.41796912252903, 91.3596759736538, 92.48046934604645, 93.68840202689171, 89.43359419703484, 75.57542100548744, 62.40084156394005, 67.37530067563057]
----------------------------------------------
fisher is : [0.0, 0.0, -3.687077611684799, -3.687077611684799, -3.687077611684799, -12.367360025644302, -22.416871324181557, -26.71491101384163, -26.71491101384163, -26.71491101384163, -26.71491101384163, -26.71491101384163, -26.71491101384163, -26.71491101384163, -26.71491101384163, -40.14237981289625, -47.06810846924782, -47.06810846924782, -47.06810846924782, -55.55266082659364, -55.55266082659364, -55.55266082659364, -55.55266082659364, -55.55266082659364, -55.55266082659364, -74.44664456322789, -74.44664456322789, -74.44664456322789, -74.44664456322789, -74.44664456322789, -74.44664456322789, -85.82396353408694, -85.82396353408694, -114.25264107063413, -114.25264107063413, -114.25264107063413, -121.87946727871895, -121.87946727871895, -125.92109713703394, -125.92109713703394, -125.92109713703394, -125.92109713703394, -125.92109713703394, -125.92109713703394, -125.92109713703394, -125.92109713703394, -125.92109713703394, -144.2409347370267, -144.2409347370267, -158.06859434396029, -158.06859434396029, -158.06859434396029, -176.53011582046747, -176.53011582046747, -176.53011582046747, -176.53011582046747, -176.53011582046747, -191.95773842185736, -191.95773842185736, -191.95773842185736, -191.95773842185736, -191.95773842185736, -191.95773842185736, -191.95773842185736, -191.95773842185736, -191.95773842185736, -191.95773842185736, -224.67166326195002, -233.7609532698989, -233.7609532698989, -271.0606385245919, -277.79966438934207, -283.239066388458, -283.239066388458, -305.4659908004105, -313.550170827657, -315.3250730591826, -315.3250730591826, -322.8926981012337, -322.8926981012337, -322.8926981012337, -322.8926981012337, -322.8926981012337]
----------------------------------------------
time is : [0, 0, 0, 0.47238275560812326, 0, 1.5376915661618114, 0, 1.3705136888611378, 10.336241163653881, 2.3384592058864655]
----------------------------------------------
END is : [0, 0, 0, 0, 0, 0, 0, 0, 0, 0]
----------------------------------------------
delta is : [0, 0, 0, 0, 0.1398996223858972, 0, 0, 0, 0, 0]
全局模型4的所有信息如下
epoch is : 225
----------------------------------------------
acc is : [0.0, 0.0, 0.0, 20.0, 62.55709137767553, 66.8509615957737, 66.8509615957737, 86.8509615957737, 100.0, 80.3846153896302, 53.17608177661896, 69.21123802661896, 91.90204337239265, 62.14843767695128, 61.7788461688906, 80.9254807792604, 98.20162266492844, 97.78245210647583, 60.56640655733645, 59.53725994564593, 76.91256053745747, 62.25811319425703, 54.82722373679281, 81.88852198421955, 76.79537281394005, 81.0411661863327, 86.17938742041588, 84.7521036863327, 78.23768079280853, 93.50961580872536, 84.97746407985687, 66.41676696948707, 63.17457946948707, 81.77433922886848, 78.59675511717796, 90.25390654802322, 91.1388224363327, 56.17788475006819, 44.67097379267216, 56.24248825013638, 77.18299299478531, 76.70823350548744, 81.26652672886848, 78.26923102140427, 86.74128651618958, 79.7475965321064, 82.67427921295166, 86.76832973957062, 86.2860581278801, 78.4044474363327, 84.52073350548744, 74.80018060654402, 73.43299314379692, 82.01322138309479, 81.66766852140427, 86.36869013309479, 90.86238011717796, 89.15564939379692, 89.69501242041588, 80.381610840559, 81.28756031394005, 91.30558922886848, 94.62890669703484, 95.18930330872536, 94.74158689379692, 81.31009668111801, 85.76472401618958, 89.4891831278801, 82.90114223957062, 87.60516881942749, 86.94861829280853, 87.7358777821064, 88.09344992041588, 92.45793297886848, 94.2157456278801, 95.36508455872536, 84.40805330872536, 77.66075775027275, 81.23798117041588, 87.8876206278801, 88.36688756942749, 89.24128666520119, 88.02584186196327, 76.86448357999325, 78.36989231407642, 78.35036106407642, 80.96754856407642, 89.37199577689171, 86.18689954280853, 86.74429133534431, 88.8055893778801, 86.52343794703484, 80.83834171295166, 88.03786098957062, 87.91766867041588, 88.5952527821064, 89.89032492041588, 87.8876206278801, 86.7202527821064, 86.34915918111801, 90.58894261717796, 89.72656279802322, 94.3419474363327, 90.10066136717796, 94.07752439379692, 92.04777672886848, 79.2052286863327, 68.59375033527613, 76.01863015443087, 89.58533689379692, 87.09134638309479, 76.06820967048407, 90.58894276618958, 89.93689939379692, 93.79206776618958, 92.08533704280853, 92.04026490449905, 82.91015684604645, 84.72656294703484, 94.73858207464218, 91.63161098957062, 92.07782506942749, 94.80468794703484, 76.99068538844585, 91.24399095773697, 86.43629848957062, 92.5165268778801, 92.52854615449905, 91.67518079280853, 87.57662311196327, 89.42908689379692, 91.86448365449905, 93.00781294703484, 91.9981974363327, 88.291767090559, 94.18419495224953, 92.67878636717796, 94.28936332464218, 91.95012047886848, 93.975360840559, 92.53756046295166, 90.8954331278801, 90.1772840321064, 86.66015669703484, 87.13792115449905, 93.33383455872536, 87.99729615449905, 70.47175511717796, 79.15414690971375, 82.53756046295166, 87.803485840559, 82.86808922886848, 88.32932740449905, 71.93960383534431, 94.51772883534431, 92.67878666520119, 93.71544525027275, 91.81189939379692, 87.85306543111801, 85.87890654802322, 89.89633455872536, 90.45372650027275, 86.44080579280853, 88.15805330872536, 87.14543297886848, 78.32932710647583, 86.00661098957062, 92.91466385126114, 91.9005411863327, 94.502704590559, 96.83593764901161, 96.455829590559, 95.22836580872536, 90.6265027821064, 91.53846174478531, 88.85066136717796, 85.40564939379692, 89.72205579280853, 92.11238026618958, 91.21844992041588, 90.21935135126114, 94.40655082464218, 91.35667115449905, 95.25691136717796, 92.62920707464218, 87.00721189379692, 93.91676723957062, 90.87289705872536, 89.36448350548744, 86.02013260126114, 88.09945955872536, 88.47205564379692, 89.62139457464218, 94.19771686196327, 90.7286661863327, 90.7436902821064, 88.92728418111801, 86.75030082464218, 94.26532492041588, 89.64393064379692, 89.4981974363327, 92.96123832464218, 91.59254848957062, 91.99970006942749, 91.7938706278801, 92.86057725548744, 96.40324547886848, 94.09555315971375, 91.3055893778801, 81.47686325013638, 80.41766859591007, 95.9690509736538, 96.1538465321064, 66.46484397351742, 80.9194714576006, 92.60366633534431, 91.00661098957062, 94.23227205872536, 88.66586580872536, 89.48617830872536, 87.99429133534431, 90.21484419703484, 86.04867815971375, 65.59044495224953, 64.15715169161558, 68.01682721823454]
----------------------------------------------
fisher is : [0.0, 0.0, 0.0, -141.86293879151344, -345.9765661507845, -555.1384043991566, -614.8219337910414, -644.8330884352326, -644.8330884352326, -644.8330884352326, -708.1741789355874, -863.6532244496047, -863.6532244496047, -863.6532244496047, -940.5848041437566, -1121.3857223056257, -1149.9577092714608, -1355.9794181399047, -1423.5985184647143, -1618.6008811630309, -1813.355538573116, -2007.6184059344232, -2007.6184059344232, -2007.6184059344232, -2215.850163694471, -2421.1699045673013, -2421.1699045673013, -2629.955509401858, -2837.594303960912, -2837.594303960912, -2837.594303960912, -2837.594303960912, -3034.8248047335073, -3218.631178717129, -3433.8621417088434, -3433.8621417088434, -3433.8621417088434, -3433.8621417088434, -3609.2569401068613, -3665.538156162016, -3888.609174544923, -4002.8515554008773, -4224.909187042504, -4449.783077934175, -4477.749692985206, -4670.013734800159, -4670.013734800159, -4729.895314819063, -4759.698752417113, -4997.376489668037, -5021.142870127107, -5038.317838394432, -5038.317838394432, -5068.999915321707, -5315.88436222577, -5358.581230830954, -5599.230285127269, -5599.230285127269, -5721.03894506619, -5721.03894506619, -5964.4421822600125, -6084.088543199847, -6084.088543199847, -6135.871956082206, -6304.846216362115, -6340.832274600369, -6340.832274600369, -6403.292445812811, -6516.406696213031, -6542.230489663867, -6542.230489663867, -6567.338570929685, -6611.898101391678, -6719.802575240203, -6781.180646817957, -6837.323468492425, -6929.082680997846, -6929.082680997846, -7079.053013717232, -7294.335198481975, -7320.577783223205, -7348.525693684693, -7351.167741773515, -7475.001427673367, -7509.932045953214, -7596.462623169744, -7696.296936114693, -7750.161980657718, -7777.9568064779705, -7925.27180478314, -7950.759676195328, -7950.759676195328, -8060.855475343993, -8074.552029306065, -8114.062643931826, -8142.471879943154, -8262.115385834066, -8302.833617647495, -8316.978892365205, -8368.254178798259, -8402.788507660702, -8402.788507660702, -8439.170913594451, -8525.474902627564, -8528.864949868006, -8609.515579169256, -8638.07496444094, -8707.118767046144, -8707.118767046144, -8738.472265515484, -8746.802552151003, -8781.828260078186, -8803.280748794878, -8871.517900621253, -8898.592292155863, -8920.811180717017, -8920.811180717017, -8953.479573232002, -8973.682786934412, -8973.682786934412, -8994.717487450092, -9011.624288005707, -9030.930114941686, -9130.322867195107, -9148.825902410834, -9148.825902410834, -9171.960305189092, -9185.829689562142, -9213.255220376952, -9235.879353278498, -9235.879353278498, -9252.250471996616, -9272.149937077898, -9281.217325181846, -9281.217325181846, -9281.217325181846, -9306.646086421233, -9318.62259724795, -9337.56971925969, -9347.342675976215, -9357.232318330807, -9506.137692573498, -9531.513163479762, -9564.39199540277, -9592.791103696212, -9592.791103696212, -9618.02361497818, -9638.600254169942, -9638.600254169942, -9638.600254169942, -9671.973262618623, -9709.883127454064, -9728.527777149353, -9733.861132226779, -9733.861132226779, -9733.861132226779, -9784.292670468985, -9788.349305526703, -9824.729485975651, -9918.85871114691, -9948.311699935395, -9948.311699935395, -10001.62998763255, -10007.40139556901, -10007.40139556901, -10007.40139556901, -10032.014775123367, -10039.905897802972, -10073.554742146946, -10073.554742146946, -10073.554742146946, -10089.209462137338, -10109.194784937483, -10115.53704655445, -10121.945984984704, -10136.118865419136, -10137.077764612031, -10137.077764612031, -10137.077764612031, -10164.681809691181, -10171.515805996904, -10187.98752947537, -10203.199180692496, -10225.316827359824, -10241.228537059398, -10258.102353001022, -10290.117013312773, -10317.156658166858, -10317.156658166858, -10320.05146063999, -10320.05146063999, -10342.967789102093, -10397.477442391615, -10419.421056643143, -10428.279277755957, -10454.812219416423, -10454.812219416423, -10459.743809914107, -10460.097621623365, -10485.006662368713, -10485.006662368713, -10489.76252085369, -10517.021856949648, -10540.07117257071, -10540.358928422589, -10561.501583800344, -10561.501583800344, -10561.501583800344, -10584.532873954011, -10586.14733837622, -10611.220929711752, -10611.220929711752, -10635.54345964683, -10636.18302146219, -10658.975746832077, -10659.530921641877, -10672.711647915861, -10677.063634300228, -10683.82823040051, -10683.82823040051, -10713.574314346315, -10713.574314346315, -10725.849576289242, -10738.14126078935, -10738.14126078935, -10738.14126078935]
----------------------------------------------
time is : [16.828736953948827, 11.16445613970518, 13.642849634053324, 13.353132383723278, 15.567762372464976, 1.572641801512873, 9.730698522529565, 12.72007146417926, 1.6506945453630166, 2.1600596618663985]
----------------------------------------------
END is : [0, 0, 0, 0, 0, 0, 0, 0, 0, 0]
----------------------------------------------
delta is : [0, 0, 0, 0, 0.1398996223858972, 0, 0, 0, 0, 0]
全局模型5的所有信息如下
epoch is : 111
----------------------------------------------
acc is : [0.0, 40.0, 22.557091377675533, 100.0, 100.0, 99.9609375, 31.230468787252903, 31.171875037252907, 62.821514457464225, 79.89633440971375, 48.39092555223033, 30.166766901966184, 99.16616603732109, 74.17668305337429, 75.46424314379692, 84.00390654802322, 77.01472371816635, 80.04056513309479, 69.88581757992506, 71.08623825013638, 77.85456746816635, 63.147536367177956, 80.12169495224953, 80.72415888309479, 80.39813727140427, 79.47265654802322, 84.89633455872536, 83.20613026618958, 81.88701957464218, 83.26171919703484, 87.46394276618958, 82.53756046295166, 78.27974796295166, 77.50300526618958, 83.48707973957062, 90.78726008534431, 80.21784909069538, 89.97746422886848, 88.28125044703484, 86.96664720773697, 89.19621452689171, 89.49068561196327, 78.76051716506481, 69.033954590559, 81.95763245224953, 81.9005411863327, 82.56760857999325, 81.59405089914799, 85.72866633534431, 85.63401475548744, 87.08383440971375, 88.26021671295166, 89.55829367041588, 91.67668297886848, 91.26352190971375, 91.87349796295166, 94.5958536863327, 75.36207962781191, 73.21514453738928, 75.41616629809141, 92.66376256942749, 91.75330564379692, 90.54687544703484, 91.81490436196327, 93.428485840559, 91.748798340559, 80.5919473618269, 92.63521686196327, 86.14182740449905, 93.9272840321064, 92.52854615449905, 92.59164705872536, 90.47476008534431, 92.97626242041588, 92.22956776618958, 92.53155082464218, 95.89843779802322, 94.1811902821064, 86.02163508534431, 94.03695955872536, 83.65685135126114, 75.31400263309479, 79.35546904802322, 78.67337793111801, 83.53064954280853, 83.37890684604645, 89.47566166520119, 89.17818576097488, 85.0360581278801, 81.59555315971375, 93.33233207464218, 93.29777672886848, 90.54086580872536, 89.54627454280853, 88.91676723957062, 92.46995225548744, 92.81851008534431, 87.14843794703484, 88.66586580872536, 92.09134668111801, 92.98076957464218, 91.92908704280853, 91.95162296295166, 93.12800526618958, 80.7091349363327, 90.75270473957062, 94.35997635126114, 93.03485631942749, 87.77193546295166, 87.25210383534431, 87.77193546295166, 63.189603500068195]
----------------------------------------------
fisher is : [0.0, -28.129370167851448, -37.06054276227951, -37.06054276227951, -63.290366269648075, -63.290366269648075, -140.9256457015872, -151.28380819782615, -182.14855301007628, -182.14855301007628, -267.7543616704643, -267.7543616704643, -278.91020725667477, -304.1315154135227, -337.0993616580963, -337.0993616580963, -423.9569176286459, -444.09056340157986, -524.2285131290555, -532.8266135174781, -607.7710899021477, -620.2754239290953, -644.4819952137768, -720.7390752155334, -747.5124413687736, -763.3153685079888, -774.5392025280744, -774.5392025280744, -774.5392025280744, -854.7560526523739, -887.920753384009, -887.920753384009, -887.920753384009, -968.4570867735893, -976.4735534116626, -1002.8783792052418, -1063.195795064792, -1091.5928516518325, -1120.0351110678166, -1145.316233387217, -1145.316233387217, -1159.1073994014878, -1159.1073994014878, -1192.3801628041547, -1192.3801628041547, -1199.8104597947095, -1215.9427478685975, -1225.5613728893222, -1225.5613728893222, -1262.6074922402622, -1289.1396496441448, -1301.1131528109545, -1301.1131528109545, -1301.1131528109545, -1301.1131528109545, -1316.4028410831233, -1331.614959967672, -1331.614959967672, -1394.8661977573065, -1428.1758273279993, -1428.1758273279993, -1453.0131761661032, -1485.7967482177773, -1512.832547276339, -1522.3929198152036, -1544.442629876401, -1559.997589100938, -1559.997589100938, -1559.997589100938, -1591.4961175004428, -1614.0371612998133, -1629.8184015031293, -1642.4104252483085, -1653.3118247052043, -1653.3118247052043, -1668.8056689440127, -1681.8569838385883, -1681.8569838385883, -1709.577490016687, -1728.6272714856605, -1728.6272714856605, -1745.6145537338743, -1758.7474549227918, -1838.9660241474921, -1838.9660241474921, -1904.0648990181799, -1939.5765618459845, -1964.9951711449976, -1990.1199080957886, -1992.835679889422, -2024.4995286453031, -2057.01889396156, -2089.692563759976, -2101.326177978566, -2101.326177978566, -2127.071237626629, -2155.9817591697483, -2188.2436302785336, -2196.860383209687, -2211.560910675975, -2223.73534899299, -2249.6524101672785, -2249.6524101672785, -2268.2596047732604, -2273.4693100228887, -2288.2462534213537, -2288.2462534213537, -2301.4709325044514, -2329.023528428106, -2329.023528428106, -2345.809086810621, -2369.703627586785]
----------------------------------------------
time is : [0, 10.689216925670955, 0, 1.819825830290938, 10.91513858265861, 9.134072401233425, 11.195770319944131, 0, 0, 1.774649536702782]
----------------------------------------------
END is : [0, 0, 0, 0, 0, 0, 0, 0, 0, 0]
----------------------------------------------
delta is : [0, 0, 0, 0, 0.1398996223858972, 0, 0, 0, 0, 0]
全局模型6的所有信息如下
epoch is : 54
----------------------------------------------
acc is : [0.0, 25.0, 42.55709137767553, 40.0, 100.0, 79.89633440971375, 48.39092555223033, 97.94621407985687, 98.86869013309479, 76.25751234591007, 75.928485840559, 74.1616590321064, 83.57421904802322, 85.635517090559, 69.69651460647583, 77.79146656394005, 77.10787281394005, 84.86628636717796, 92.84254863858223, 77.73437552154064, 80.5393634736538, 90.00901475548744, 85.82031294703484, 87.2085340321064, 82.2521036863327, 86.83894261717796, 91.86448365449905, 92.63671904802322, 95.17878636717796, 72.76141848415136, 92.2040268778801, 93.73497650027275, 90.58744043111801, 91.81189954280853, 93.99188756942749, 93.33533704280853, 92.09134668111801, 91.12379863858223, 94.51622635126114, 93.9032456278801, 93.78906279802322, 92.34825760126114, 76.37019269168377, 91.61959171295166, 91.7157456278801, 89.16466400027275, 89.56580564379692, 90.01802921295166, 94.26682725548744, 92.82001242041588, 93.70342582464218, 92.979267090559, 94.25180330872536, 91.3837143778801, 94.94140669703484]
----------------------------------------------
fisher is : [0.0, -4.431278020143509, -72.75633585453033, -142.99634855240583, -277.1751229390502, -420.59240873903036, -427.0314284041524, -493.9612542577088, -535.6041596569121, -542.1905050985515, -552.1389889679849, -698.9928305111825, -739.6166281215847, -891.079612378031, -1030.1631219238043, -1068.2302065119147, -1129.1590864751488, -1185.5556822065264, -1235.641367985867, -1272.7533863550052, -1283.8985556950793, -1416.027565636672, -1473.0510012507439, -1508.9350572470576, -1614.952990429476, -1714.8667692895979, -1746.3420860972255, -1860.1083268783987, -1914.1412087143399, -1969.1775217154063, -2025.517468226375, -2072.263833578443, -2105.3818215334322, -2113.7952323460486, -2153.0149940305855, -2168.639990085503, -2201.1197627296206, -2250.6988056134433, -2360.915228216909, -2401.91825180687, -2405.9633809495717, -2412.4910263400525, -2464.707360010594, -2597.866865386255, -2612.835312639363, -2736.859849044122, -2870.347867773846, -2883.6835549566895, -2928.228047957644, -2998.704826323781, -3021.945513428189, -3078.165115106385, -3149.7868860793533, -3204.8934338636464, -3235.238163966831]
----------------------------------------------
time is : [0, 0, 0, 0, 0, 9.115279725752771, 14.07159436668735, 0, 11.861413327733317, 8.993364272944746]
----------------------------------------------
END is : [0, 0, 0, 0, 0, 0, 0, 0, 0, 0]
----------------------------------------------
delta is : [0, 0, 0, 0, 0.1398996223858972, 0, 0, 0, 0, 0]
全局模型7的所有信息如下
epoch is : 58
----------------------------------------------
acc is : [0.0, 0.0, 20.0, 98.60576927661896, 75.42367808520794, 89.47265654802322, 67.55859404802322, 84.08503636717796, 81.4513224363327, 68.09344969689846, 77.08834171295166, 71.02313742041588, 86.28155067563057, 72.65925519168377, 89.23978418111801, 80.64453154802322, 91.65564939379692, 86.7788465321064, 87.5751206278801, 88.0483777821064, 90.85937544703484, 88.55769276618958, 84.96394261717796, 90.2509018778801, 87.81250044703484, 88.6298081278801, 79.08052921295166, 91.66917100548744, 94.98046904802322, 78.39092589914799, 83.6838947236538, 89.10156294703484, 91.69020473957062, 92.74789720773697, 91.39122635126114, 94.35997635126114, 90.95552936196327, 91.18539690971375, 87.97626227140427, 91.12680330872536, 82.99879848957062, 84.26682740449905, 92.35276475548744, 96.35216370224953, 85.77974796295166, 93.98137047886848, 89.24429133534431, 91.43329367041588, 96.44080564379692, 93.6388224363327, 93.60727205872536, 93.780048340559, 98.04537281394005, 93.66736829280853, 92.49849811196327, 94.40955564379692, 92.17097401618958, 97.37079381942749, 88.71995225548744]
----------------------------------------------
fisher is : [0.0, -17.772753953933716, -34.21552589535713, -44.65754520893097, -59.67126826941967, -67.6765435487032, -126.80546644702554, -143.4251473210752, -210.37923536635935, -273.9756605308503, -285.5226898174733, -342.3125428594649, -345.6477419324219, -405.5573845207691, -468.0563651807606, -525.1625521113165, -532.4616241832264, -588.5978152849711, -606.204935694579, -658.6460356286261, -663.7279185375664, -679.4782875648234, -684.1025212353561, -690.4029795846436, -743.3310180979315, -756.3924156429712, -765.6349320264999, -811.4290637702215, -818.0593646869529, -828.1800900727976, -830.9416057497729, -847.2021384008694, -901.725697631482, -970.7103850760031, -1024.5471247148234, -1073.8643495915458, -1120.3632083521225, -1142.3043133285828, -1162.3364239451475, -1178.130313609261, -1189.5404526335187, -1241.9846148407087, -1270.0233658039942, -1273.117441543378, -1290.8536797752604, -1305.623451440595, -1311.2841597637162, -1334.2917567333207, -1386.0058852559887, -1401.9558343417011, -1449.9469647943042, -1502.9366129499394, -1509.8834895652253, -1555.9364873652812, -1598.193810087978, -1621.0522267794004, -1661.6941321612103, -1666.1173061252339, -1672.0251790963812]
----------------------------------------------
time is : [0, 0, 0, 8.233032101439676, 0, 9.07931152288802, 8.82567336410284, 0, 12.675300634010625, 0]
----------------------------------------------
END is : [0, 0, 0, 0, 0, 0, 0, 0, 0, 0]
----------------------------------------------
delta is : [0, 0, 0, 0, 0.1398996223858972, 0, 0, 0, 0, 0]
全局模型8的所有信息如下
epoch is : 51
----------------------------------------------
acc is : [0.0, 20.0, 77.74489216506481, 79.25180330872536, 85.108173340559, 75.15324544161558, 66.17187514901161, 89.76262047886848, 78.0138223990798, 73.80558930337429, 85.16676738858223, 90.80979600548744, 92.02974796295166, 84.47265654802322, 85.86989223957062, 90.52734434604645, 92.07331791520119, 84.60937544703484, 86.73377454280853, 77.22506046295166, 91.26352190971375, 89.40354600548744, 93.60426738858223, 93.05739223957062, 89.13161098957062, 91.38371452689171, 94.5042072236538, 79.06700775027275, 94.80468779802322, 92.78245225548744, 93.04387047886848, 90.8713947236538, 93.2436902821064, 92.50000029802322, 94.58233207464218, 89.7911661863327, 80.42668297886848, 75.8022840321064, 93.7079331278801, 94.18870210647583, 85.8173081278801, 93.18810135126114, 95.50180330872536, 89.7325724363327, 93.9227768778801, 88.93479600548744, 91.8960340321064, 92.39182740449905, 92.6968152821064, 91.94861829280853, 80.56340172886848, 80.98858200013638]
----------------------------------------------
fisher is : [0.0, -38.9543710462749, -38.9543710462749, -38.9543710462749, -82.33417304325849, -82.33417304325849, -82.33417304325849, -116.6923602395691, -116.6923602395691, -116.6923602395691, -146.5669076642953, -183.77775521902367, -183.77775521902367, -213.96266096644104, -213.96266096644104, -251.0725057530217, -285.0924348202534, -285.0924348202534, -321.11834860779345, -321.11834860779345, -321.11834860779345, -356.5141539911274, -391.3284090581001, -391.3284090581001, -391.3284090581001, -421.9903785227798, -455.007428065408, -491.9389675144339, -530.1325815863092, -538.9315715250705, -538.9315715250705, -538.9315715250705, -538.9315715250705, -538.9315715250705, -567.5663761455362, -567.5663761455362, -567.5663761455362, -567.5663761455362, -606.4619512388599, -606.4619512388599, -606.4619512388599, -638.7777181693091, -668.6749411632045, -668.6749411632045, -668.6749411632045, -708.7895155712758, -742.5254556313885, -742.5254556313885, -742.5254556313885, -773.6528189097298, -804.7514735542645, -804.7514735542645]
----------------------------------------------
time is : [0, 0, 0, 2.228219080832787, 0, 0, 0, 0, 12.559757053051513, 1.3217547078456846]
----------------------------------------------
END is : [0, 0, 0, 0, 0, 0, 0, 0, 0, 0]
----------------------------------------------
delta is : [0, 0, 0, 0, 0.1398996223858972, 0, 0, 0, 0, 0]
全局模型9的所有信息如下
epoch is : 29
----------------------------------------------
acc is : [0.0, 42.55709137767553, 79.9609375, 90.50781264901161, 53.17608186043798, 63.49459158256649, 82.0087143778801, 83.64032492041588, 77.1063706278801, 91.67217582464218, 89.41857025027275, 87.3362384736538, 69.95643056929111, 90.35907477140427, 93.47055315971375, 90.75570940971375, 92.15444758534431, 87.45943546295166, 95.50330579280853, 85.42367830872536, 93.408954590559, 89.0489786863327, 95.85787296295166, 95.4507215321064, 87.76742830872536, 94.28485617041588, 90.00751242041588, 92.82001227140427, 96.78786098957062, 73.17157477140427]
----------------------------------------------
fisher is : [0.0, -46.45403170585632, -170.32695325184613, -265.87514338997426, -366.58866035804385, -458.8266774911899, -518.824959886726, -555.2181543386541, -589.9177745631896, -664.563643660018, -713.7035060632916, -758.5653751153441, -820.713818798351, -856.5229087998596, -919.7150946172333, -957.2413729342079, -1015.8850638818221, -1054.263058910914, -1116.8376895539222, -1190.9503665456104, -1253.4537353654532, -1323.658822129034, -1380.8372667464855, -1417.9233614313844, -1430.2223785713131, -1490.190884433573, -1515.295658105807, -1550.3728587021742, -1599.2136482398055, -1628.6556072630256]
----------------------------------------------
time is : [0, 15.8424670787806, 0, 0, 0, 12.247549110557884, 0, 0, 0, 0]
----------------------------------------------
END is : [0, 0, 0, 0, 0, 0, 0, 0, 0, 0]
----------------------------------------------
delta is : [0, 0, 0, 0, 0.1398996223858972, 0, 0, 0, 0, 0]
