ROUND is : 346
全局模型0的所有信息如下
epoch is : 35
----------------------------------------------
acc is : [0.0, 49.970703199505806, 53.16210947930813, 59.87109389156103, 55.380859449505806, 54.62109379470348, 50.0000000372529, 57.267578169703484, 64.66992188245058, 61.71289063990116, 69.77734379470348, 65.1464844122529, 71.65625005960464, 77.19335943460464, 79.50585946440697, 71.67968764901161, 76.10937513411045, 77.76562511920929, 74.89453129470348, 69.16406258940697, 74.00195315480232, 76.69726572930813, 69.50976565480232, 77.00585938990116, 74.12890635430813, 77.13281258940697, 77.9687500745058, 69.82031252235174, 72.36132822930813, 76.91601574420929, 71.69726565480232, 73.81835952401161, 73.40429693460464, 74.9707031995058, 73.36523450911045, 72.16601565480232]
----------------------------------------------
fisher is : [0.0, -17.94931960105896, -21.10631202161312, -84.96995931863785, -202.76783077418804, -204.56901951134205, -206.7119126468897, -208.43491035117768, -340.4015120656695, -410.9517416039016, -546.1641328723636, -561.6446709537413, -685.5515705102589, -742.3258892686572, -742.3272928149308, -742.481462122807, -772.135777453972, -777.2493794663678, -780.446197363628, -784.1223288607653, -784.8378262967672, -784.8389770017966, -798.0522284371109, -885.8156799816788, -885.9648578246852, -887.8592484803667, -893.2965194793214, -907.4272031855253, -907.4272656241992, -912.8290847344742, -914.4950014399783, -915.8984570485027, -916.8668872263383, -921.0043183309476, -922.3245202268458, -926.3009992456514]
----------------------------------------------
time is : [3.4433164298534393, 0, 1.0882285018451512, 1.0562018752098083, 0, 0, 0.7582999914884567, 5.072058266028762, 0, 0.8848836421966553]
----------------------------------------------
END is : [0, 0, 0, 0, 0, 0, 0, 0, 0, 0]
----------------------------------------------
delta is : [0, 0, 0, 0, 0, 0, 0, 0, 0, 0]
全局模型1的所有信息如下
epoch is : 45
----------------------------------------------
acc is : [0.0, 50.14062512665986, 49.96484383940697, 50.00585943460465, 51.416015736758716, 52.333984412252896, 52.33984377235175, 53.18554695695639, 56.13281253725291, 57.54101570695639, 55.345703214406974, 54.6386719122529, 49.994140677154064, 56.832031197845936, 57.76171881705523, 58.71289074420929, 65.68945318460464, 61.35742191225291, 58.87500010430813, 68.90234380960464, 74.19140629470348, 75.78320324420929, 76.13476566970348, 76.3574219495058, 75.43750010430813, 76.39843761920929, 74.27539072930813, 72.36718758940697, 71.22851572930813, 66.68749999254942, 76.36523447930813, 76.32031254470348, 71.64257824420929, 79.4726563245058, 70.64257815480232, 73.52734386920929, 75.78515641391277, 69.51757811009884, 73.7500000745058, 72.63476572930813, 73.23828130960464, 72.02734373509884, 71.77539065480232, 73.78320328891277, 71.09375014901161, 71.67187504470348]
----------------------------------------------
fisher is : [0.0, -41.048537358641624, -88.38442866504192, -105.68797911703587, -109.60566425696015, -111.72933163307607, -121.41082637570798, -124.10995294712484, -135.89766562357545, -137.37186020985246, -139.8358119763434, -140.708262052387, -142.773221751675, -170.7217688356177, -224.04567065282026, -238.42320784373442, -306.6638244931237, -308.02276539994637, -335.97748407913605, -338.1686934400932, -341.21927100099856, -341.823049800063, -363.5147742718109, -363.8621047209599, -365.1445595611003, -389.4795027033542, -389.69942274998175, -513.7214433283661, -515.071280005679, -517.4903670440544, -517.6721496804967, -517.8661051062518, -588.0610771147185, -596.839782771247, -613.8001437918865, -618.580627268122, -618.6502083537052, -719.8439456147025, -800.7759337943862, -804.0550102514098, -804.0966957373894, -807.4120150631643, -807.8465164875961, -807.8592534381896, -810.3226944128983, -811.6604884732515]
----------------------------------------------
time is : [0.8054066570475698, 0, 0, 0.8389261364936829, 0.7966452986001968, 1.629745528101921, 1.0774477496743202, 1.524585273116827, 0.8227309547364712, 0.5424126386642456]
----------------------------------------------
END is : [0, 0, 0, 0, 0, 0, 0, 0, 0, 0]
----------------------------------------------
delta is : [0, 0, 0, 0, 0, 0, 0, 0, 0, 0]
全局模型2的所有信息如下
epoch is : 67
----------------------------------------------
acc is : [0.0, 50.02929698675871, 50.00000006208817, 49.99414071440697, 49.929687567055225, 49.95312511920929, 49.99414075165987, 49.95312508195639, 49.91796877235174, 49.982421919703484, 51.00976571440696, 52.386718802154064, 51.666015647351735, 54.48046885430813, 54.51757825911046, 60.84765639156103, 59.22460947185755, 54.98437508940697, 54.089843705296516, 58.68359375745058, 59.994140677154064, 62.812500149011605, 67.3046875745058, 70.61914071440697, 68.75390637665987, 63.04882813245059, 57.02929694205523, 65.41601568460464, 57.068359330296516, 56.76953129470348, 69.94921885430813, 71.26367188990116, 69.63671877980232, 64.39648445695639, 60.101562552154064, 64.24023445695639, 68.73632818460464, 74.25195306539536, 72.95507811009884, 75.23046888411045, 76.79101563990116, 74.31250005960464, 74.44140635430813, 75.17187513411045, 77.25976571440697, 67.19531256705523, 72.04296886920929, 76.98046885430813, 73.63085955381393, 71.27539068460464, 67.8515625745058, 71.19726561009884, 68.49414058029652, 70.00585943460464, 72.71289072930813, 72.87890635430813, 67.24023446440697, 66.39257825911045, 74.30078126490116, 72.45703130960464, 75.98046883940697, 72.16210953891277, 68.18945325911045, 69.35937508940697, 66.7285156995058, 66.51757821440697, 69.58984389901161, 72.79687516391277]
----------------------------------------------
fisher is : [0.0, -6.507203847169876, -28.065691083669662, -32.079473465681076, -191.00662368535995, -197.44552560523152, -405.711591783911, -448.8246535100043, -459.09798097983, -470.80128452554345, -712.1851921118796, -718.0751001276076, -718.8689438994043, -721.2028776812367, -721.2520611851942, -764.9252098768484, -771.813873764826, -773.0957096077036, -804.2380368446466, -1051.1156516855117, -1061.9393395965453, -1073.9655589645263, -1078.019663252635, -1096.4332883234601, -1098.7983122176956, -1334.4976629286539, -1338.3406026109587, -1341.4813240214717, -1341.8719157283194, -1347.6472905580886, -1347.6480368882767, -1523.2754599209293, -1523.9304508473142, -1524.3687999378308, -1533.9056184421643, -1535.6334488158464, -1535.633674257755, -1541.1596718964574, -1632.5348976215464, -1634.45217788202, -1636.2133889643592, -1821.002805348311, -1822.8966030402225, -1828.9903392492197, -1829.0530361357014, -1847.773954791097, -1847.7739617860295, -1890.7800186517068, -1899.7817159048216, -1899.7828240751521, -2105.969270920684, -2219.422508160894, -2238.9508662627386, -2244.246143504356, -2262.6547084891545, -2278.1467288959147, -2420.2160159003297, -2426.268100703911, -2437.4578587234328, -2451.225260600816, -2453.135097494096, -2453.151096352589, -2499.150979885113, -2499.3592336887896, -2589.6323921033954, -2598.122393930874, -2598.2627461363636, -2606.2764622193426]
----------------------------------------------
time is : [0.9586417758837342, 0.7620432674884796, 6.159760906433803, 1.2456327676773071, 0.7357850518310443, 0.8668205197900534, 1.3835884183645248, 1.11412332393229, 0, 6.630601406097412]
----------------------------------------------
END is : [0, 0, 0, 0, 0, 0, 0, 0, 0, 0]
----------------------------------------------
delta is : [0, 0, 0, 0, 0, 0, 0, 0, 0, 0]
全局模型3的所有信息如下
epoch is : 34
----------------------------------------------
acc is : [0.0, 49.92382824420929, 50.1875001192093, 50.13476572930813, 50.08789069950581, 50.02929691225291, 55.673828199505806, 58.61718751490116, 56.33984372019768, 58.748046979308135, 70.53906258195639, 58.695312552154064, 65.40429688990116, 59.921875, 53.466796875, 68.26953135430813, 73.60546883195639, 67.94140633195639, 68.41992191970348, 71.99804693460464, 69.07421879470348, 64.66015629470348, 61.8261719122529, 72.56445325911045, 75.88281258940697, 69.51953127980232, 72.48437508940697, 70.615234375, 71.37304700911045, 71.49804696440697, 74.40625004470348, 68.92968758940697, 67.61328138411045, 68.22070315480232, 70.31054697930813]
----------------------------------------------
fisher is : [0.0, -50.183064579963684, -54.60920910537243, -57.683865912258625, -75.12530469149351, -87.09983220696449, -91.89309807494283, -94.70931952446699, -96.94754414539784, -97.01742756192107, -180.98407494847197, -233.26406916801352, -240.57179714005906, -247.33113953855354, -250.12541497137863, -250.13471198122716, -254.9238518331549, -254.93758382630767, -350.65817578864517, -355.3336019439739, -362.44513966870727, -485.7906272931141, -485.87645863578655, -533.3192102520261, -536.8457504494581, -569.5930786414538, -574.6488052296918, -574.9305972491857, -576.2156056349631, -650.0801384036895, -724.7329667096492, -726.2466141094919, -729.7753231367096, -730.4586510522058, -741.571373136132]
----------------------------------------------
time is : [0, 0, 0, 0.863955395296216, 0, 0.8444800674915314, 0, 0.7975989156402647, 1.0851259857881814, 1.0447853952646255]
----------------------------------------------
END is : [0, 0, 0, 0, 0, 0, 0, 0, 0, 0]
----------------------------------------------
delta is : [0, 0, 0, 0, 0, 0, 0, 0, 0, 0]
全局模型4的所有信息如下
epoch is : 57
----------------------------------------------
acc is : [0.0, 49.917968809604645, 49.95312508195639, 50.01171886920929, 50.0410157442093, 50.017578192055225, 50.02343755215406, 51.50976575911045, 53.080078177154064, 57.38671880215407, 59.873046949505806, 59.882812649011605, 59.08789072185755, 55.390625074505806, 58.552734479308135, 63.79296876490116, 63.36328126490116, 62.355468794703484, 58.699218854308135, 64.6093750745058, 75.25585941970348, 75.17773441970348, 67.67578136175871, 68.20703130215406, 69.58398446440697, 71.58984385430813, 64.42187506705523, 71.70117191970348, 65.58984383940697, 78.01171883940697, 70.7226563245058, 76.53125010430813, 76.80273443460464, 76.65234379470348, 73.89843754470348, 72.84960947930813, 69.08789068460464, 73.58789078891277, 73.39648447930813, 76.83203130960464, 76.32226578891277, 76.83398447930813, 71.28515623509884, 73.05859386920929, 70.03710940480232, 68.33984375, 75.54296880960464, 70.45507811009884, 69.76367190480232, 72.97656260430813, 71.28710947930813, 74.44140627980232, 71.00195325911045, 68.0859375745058, 75.58984376490116, 71.74804702401161, 69.5214844495058, 70.91015629470348]
----------------------------------------------
fisher is : [0.0, -33.08339497447014, -47.469281908124685, -80.06971571221948, -240.9696568287909, -398.95724312216043, -431.56124676018953, -631.5409082323313, -833.452767059207, -891.0480227218941, -1118.114859004505, -1142.0290060611442, -1374.8047422738746, -1515.871088226093, -1731.9153405174147, -1887.6962289388757, -1983.5192458884558, -2012.531826453167, -2088.9009368494153, -2229.5249913884327, -2298.755311175828, -2481.469060977568, -2519.5502491735388, -2554.26151089021, -2570.634972511558, -2570.6354806251547, -2626.862017139363, -2628.894297764936, -2634.787990643418, -2644.371127438082, -2742.7286674937222, -2747.8971104140437, -2955.667784723155, -2980.4661528089127, -2980.4758600025743, -2993.158106479699, -3014.808674488122, -3063.4560071398373, -3078.9357804050596, -3096.285827931136, -3110.5476437371426, -3114.969574955343, -3127.2295382496523, -3140.7351351152247, -3143.7202211889376, -3260.8871752323753, -3264.681597207961, -3266.2276861226605, -3355.688000931083, -3480.3219844242194, -3537.876191801286, -3555.1176291523116, -3836.9117019062655, -3918.1766526152173, -3930.399807258868, -3930.4009379153163, -3930.4010263950427, -3933.5998980706886]
----------------------------------------------
time is : [7.9310367703437805, 2.1628443152294494, 6.061903329973575, 3.682967334985733, 7.029133309843019, 0.8080397993326187, 0.8315285444259644, 1.8332245349884033, 0.8920629918575287, 0]
----------------------------------------------
END is : [0, 0, 0, 0, 0, 0, 0, 0, 0, 0]
----------------------------------------------
delta is : [0, 0, 0, 0, 0, 0, 0, 0, 0, 0]
全局模型5的所有信息如下
epoch is : 41
----------------------------------------------
acc is : [0.0, 50.20507834851742, 49.935546927154064, 49.95898440480232, 50.21679695695639, 51.65039069950581, 55.605468787252896, 52.318359464406974, 62.19531260430813, 61.11523438245058, 63.347656317055225, 69.8144531622529, 74.50585938990116, 68.72851576656103, 60.49609385430813, 67.20312505960464, 61.91015634685755, 60.34960944205523, 73.84179703891277, 72.10156254470348, 73.44531252980232, 73.62500011920929, 69.37109373509884, 77.02734373509884, 72.41406261920929, 73.05273450911045, 70.26757821440697, 69.81054700911045, 74.66210946440697, 74.5507813245058, 74.3750000745058, 73.59960950911045, 70.79492196440697, 73.67382816970348, 68.51757824420929, 72.97460950911045, 66.91015638411045, 69.35351565480232, 71.201171875, 69.677734375, 73.18554691970348, 74.13085952401161]
----------------------------------------------
fisher is : [0.0, -53.7219043970108, -113.68439814448357, -234.60033401846886, -252.9210167452693, -269.78731624782085, -394.0823312699795, -414.84210205823183, -433.12704811245203, -453.98287557810545, -521.9766115620732, -539.9719127640128, -621.6476567722857, -663.5610092766583, -664.9228470884264, -908.9940850697458, -959.4824805511162, -983.7222092649608, -987.8866471363872, -987.888346894033, -1019.9734270389599, -1041.7188843124022, -1098.8942227855732, -1202.5647751845827, -1507.5941486962547, -1518.4479580566694, -1534.4111930493673, -1672.6041902367433, -1672.7513679718832, -1703.1510616323212, -1742.5292079901556, -1760.635993914213, -1775.6220387327485, -1828.6784097007476, -2027.1746838665567, -2035.8724800976925, -2046.6537011102773, -2046.8128097993904, -2054.8103695961763, -2054.8698059184535, -2061.7820400452765, -2066.4820408156666]
----------------------------------------------
time is : [0, 1.942323700292036, 0, 0.8955155611038208, 3.163739874958992, 1.3261630833148956, 1.9070818067993969, 0, 0, 0.760209959000349]
----------------------------------------------
END is : [0, 0, 0, 0, 0, 0, 0, 0, 0, 0]
----------------------------------------------
delta is : [0, 0, 0, 0, 0, 0, 0, 0, 0, 0]
全局模型6的所有信息如下
epoch is : 12
----------------------------------------------
acc is : [0.0, 49.89453133195639, 52.4023438617587, 59.92578133940697, 68.20703130215406, 58.878906294703484, 73.09179693460464, 77.48437501490116, 74.37109388411045, 71.19921885430813, 70.65820306539536, 73.91992196440697, 73.94726566970348]
----------------------------------------------
fisher is : [0.0, -53.06485617160797, -124.45945353060961, -195.1744998022914, -257.5558423101902, -397.31128906458616, -550.3947510570288, -601.4344093473628, -652.1693364800885, -656.8781460085884, -704.843084895052, -739.1535625578836, -769.6524552390911]
----------------------------------------------
time is : [0, 0, 0, 0, 0, 0.5828421115875244, 3.8600334525108337, 0, 3.437561050057411, 2.415204845368862]
----------------------------------------------
END is : [0, 0, 0, 0, 0, 0, 0, 0, 0, 0]
----------------------------------------------
delta is : [0, 0, 0, 0, 0, 0, 0, 0, 0, 0]
全局模型7的所有信息如下
epoch is : 20
----------------------------------------------
acc is : [0.0, 50.15820324420929, 49.9707031622529, 51.43359389156104, 51.21093761175871, 59.21289075165988, 58.623046949505806, 62.20703125, 60.521484464406974, 64.59570314735174, 67.7832031995058, 76.06054693460464, 72.71875008940697, 77.52539061009884, 68.7109375, 77.10351563990116, 77.12109386920929, 72.92382821440697, 69.81054700911045, 76.36914066970348, 76.18945315480232]
----------------------------------------------
fisher is : [0.0, -86.14360135793686, -175.22345193475485, -181.66372488439083, -262.71353410184383, -283.59377248585224, -292.0999476388097, -346.6003920752555, -352.94725187309086, -388.83544758171774, -397.06586341769435, -411.5621452108171, -415.9305017427687, -417.3068949140288, -426.665634111283, -428.451724101571, -444.76540358587226, -455.49718706216663, -465.3575494578108, -507.2784337019548, -510.74899172689766]
----------------------------------------------
time is : [0, 0, 0, 1.20007190015167, 0, 0.8208146095275879, 0.9038051664829254, 0, 3.687878293916583, 0]
----------------------------------------------
END is : [0, 0, 0, 0, 0, 0, 0, 0, 0, 0]
----------------------------------------------
delta is : [0, 0, 0, 0, 0, 0, 0, 0, 0, 0]
全局模型8的所有信息如下
epoch is : 14
----------------------------------------------
acc is : [0.0, 49.98828135430813, 50.017578192055225, 50.38867197930813, 58.6425781622529, 60.935546904802315, 53.47851559519767, 64.08984381705523, 73.15625004470348, 73.22656251490116, 77.12500005960464, 72.51757822930813, 76.77343755960464, 74.04687516391277, 71.64843760430813]
----------------------------------------------
fisher is : [0.0, -49.1186215095222, -92.98960331082344, -97.49780669808388, -97.66401244327426, -98.82173937279731, -104.17450771914446, -142.73654690317926, -177.55588516153512, -206.21929018411902, -219.03893453724595, -219.03909848866533, -221.97682084804183, -225.51341222841074, -232.8488703014482]
----------------------------------------------
time is : [0, 0, 0, 0.8635989427566528, 0, 0, 0, 0, 3.7918430445715785, 0.741017758846283]
----------------------------------------------
END is : [0, 0, 0, 0, 0, 0, 0, 0, 0, 0]
----------------------------------------------
delta is : [0, 0, 0, 0, 0, 0, 0, 0, 0, 0]
全局模型9的所有信息如下
epoch is : 21
----------------------------------------------
acc is : [0.0, 50.02343762665987, 50.02343755215406, 52.35156252980232, 52.332031317055225, 59.16210949420929, 55.70312511175871, 55.791015550494194, 62.79882818460465, 65.08203133940697, 66.54687508940697, 74.111328125, 77.50781252980232, 75.43554693460464, 72.80078135430813, 72.45703130960464, 71.72265630215406, 76.03320315480232, 73.11328135430813, 74.912109375, 74.23046886920929, 67.62890636920929]
----------------------------------------------
fisher is : [0.0, -117.50872184336185, -268.2530154938577, -400.1654640976776, -451.6414554138173, -505.5519981515099, -548.9257763126989, -586.2112813354888, -611.9137669675449, -630.5644585422281, -631.7675379698414, -632.3223137784313, -632.5073573341392, -728.289578921514, -823.1438895031657, -898.5089685597374, -969.897337374921, -1007.9750697721644, -1019.1673080651705, -1047.8610095510635, -1195.6320782799912, -1200.6661998056613]
----------------------------------------------
time is : [0, 8.178586858062772, 0, 0, 0, 2.1776651330292225, 0, 0, 0, 0]
----------------------------------------------
END is : [0, 0, 0, 0, 0, 0, 0, 0, 0, 0]
----------------------------------------------
delta is : [0, 0, 0, 0, 0, 0, 0, 0, 0, 0]
