ROUND is : 1287
全局模型0的所有信息如下
epoch is : 137
----------------------------------------------
acc is : [0.0, 100.0, 100.0, 80.0, 60.0, 39.98046875, 39.98046875, 80.0, 65.28846153846153, 40.01953125, 60.916466346153854, 51.696213942307686, 58.74098557692308, 94.0655048076923, 84.34495192307693, 73.16856971153847, 71.32211538461539, 85.41466346153847, 93.39693509615384, 72.08834134615384, 69.8076923076923, 79.73858173076923, 86.76983173076923, 83.80709134615383, 92.37980769230771, 88.04387019230771, 82.69681490384617, 68.14603365384616, 92.44290865384615, 94.45462740384615, 93.07091346153847, 95.88942307692307, 95.52584134615385, 94.46965144230771, 95.625, 88.1640625, 94.10306490384615, 93.3067908653846, 71.5594951923077, 72.56310096153845, 58.83413461538461, 64.53275240384615, 76.04116586538461, 87.62770432692308, 88.07542067307692, 89.48918269230768, 96.58804086538461, 96.58804086538461, 89.82572115384617, 92.41436298076924, 91.53245192307692, 95.8759014423077, 89.96243990384615, 91.79236778846153, 91.23647836538463, 92.6502403846154, 96.47686298076923, 96.43780048076923, 94.58533653846153, 83.89573317307692, 87.68028846153847, 96.8359375, 94.98197115384616, 87.8185096153846, 90.22986778846153, 87.34074519230768, 80.01502403846153, 96.18389423076923, 91.66165865384615, 85.72415865384615, 77.3046875, 81.32962740384615, 95.20733173076923, 95.18780048076924, 74.14813701923076, 80.34555288461537, 93.96935096153844, 92.71334134615384, 94.19471153846153, 94.71153846153847, 88.49008413461539, 90.07512019230768, 88.26021634615385, 89.57632211538463, 86.13431490384616, 83.64332932692307, 90.36508413461539, 86.30859375, 85.76622596153847, 97.25661057692308, 95.58143028846153, 93.83864182692307, 85.87139423076924, 86.98467548076924, 85.63701923076923, 91.09975961538461, 86.48287259615385, 94.78365384615385, 92.11838942307693, 93.68990384615385, 83.3759014423077, 90.96304086538461, 91.16736778846153, 88.66286057692308, 93.53064903846153, 93.56971153846153, 94.22776442307692, 96.59405048076923, 95.50030048076923, 95.41316105769229, 92.10186298076923, 90.43719951923077, 96.7292668269231, 96.83743990384616, 94.95342548076924, 94.57481971153847, 95.31700721153847, 92.98527644230768, 90.88191105769232, 85.83984375, 86.91256009615384, 82.04927884615385, 80.54987980769232, 91.65264423076923, 93.62229567307692, 95.88942307692307, 91.30859375, 78.72145432692308, 91.37620192307692, 91.10727163461539, 93.18359375000001, 87.34224759615384, 89.91436298076924, 92.01021634615385, 76.5399639423077, 79.1075721153846, 85.97355769230771, 91.52944711538463]
----------------------------------------------
fisher is : [0.0, 0.0, -1.3064901530742645, -63.44525723159313, -122.51206837594509, -234.3641979843378, -235.97440560162067, -235.97440560162067, -237.22529776394367, -237.22529776394367, -303.1417264044285, -303.1417264044285, -363.9588228687644, -363.9588228687644, -467.94527078419924, -583.215961791575, -640.7332177087665, -651.8997563645244, -653.0658515319228, -720.5493603274226, -724.0974543020129, -727.6227883324027, -784.246718686074, -784.246718686074, -784.246718686074, -784.246718686074, -784.246718686074, -784.246718686074, -784.246718686074, -791.7169060520828, -849.0915783978999, -963.0880803503096, -970.8502578772604, -978.365521196276, -978.365521196276, -979.4905852414668, -986.1623146273196, -986.1623146273196, -1041.4452695846558, -1043.4278874099255, -1048.6657338440418, -1165.2661097049713, -1230.6265848893672, -1231.8894287515432, -1231.8894287515432, -1236.894550876692, -1299.1134489029646, -1299.1134489029646, -1345.8679352500476, -1349.6764582493342, -1450.0437535108067, -1559.4379115146585, -1563.5964834732004, -1611.6882894102018, -1663.2093516581226, -1677.2120002501179, -1677.2120002501179, -1678.05990278651, -1688.425533919828, -1688.425533919828, -1694.148098557489, -1700.6451009504963, -1700.6451009504963, -1779.0838101517875, -1821.995669215219, -1895.0755195466336, -1934.7251914885856, -1964.7578871084115, -1964.7578871084115, -1964.7578871084115, -1974.584091020908, -1974.584091020908, -2010.3662597303482, -2011.8379813497158, -2011.8379813497158, -2011.8379813497158, -2101.6688623760565, -2154.4964923936495, -2160.507040866054, -2160.507040866054, -2225.5154151750176, -2225.5154151750176, -2233.728847934064, -2258.5777673245757, -2267.1360124768107, -2292.6908754547476, -2292.6908754547476, -2292.6908754547476, -2299.967063977325, -2304.750766201818, -2310.8837439556955, -2357.2185619486336, -2357.2185619486336, -2357.2185619486336, -2357.2185619486336, -2375.1046120537285, -2411.6029566908037, -2412.939203449503, -2441.4151525636626, -2477.2125558737025, -2477.2125558737025, -2517.709603219555, -2529.139464061347, -2529.139464061347, -2539.22916425356, -2539.22916425356, -2539.22916425356, -2564.9432494590837, -2595.5845942841224, -2598.7480642245464, -2598.7480642245464, -2608.034935164407, -2643.960530988119, -2656.503878826992, -2673.115562137209, -2704.6051957616983, -2709.8818395743547, -2714.8083499965396, -2722.3593130747468, -2760.3609594116133, -2760.76106408097, -2760.76106408097, -2760.76106408097, -2793.1684034655455, -2823.1225331877476, -2823.1225331877476, -2823.1225331877476, -2864.7330803663617, -2882.716898599375, -2898.898601645914, -2908.736492837158, -2950.427264543102, -2950.427264543102, -2988.4880220662208, -2988.4880220662208, -3001.214697278604, -3001.214697278604, -3042.6431265003184]
----------------------------------------------
time is : [11.66196578735094, 0, 9.141419299678006, 0.12145274074282497, 0, 0, 0.20963327939534793, 13.830027799799762, 0, 1.4361537799049984]
----------------------------------------------
END is : [0, 0, 0, 0, 0, 0, 0, 0, 0, 0]
----------------------------------------------
delta is : [0, 0, 0, 0, 0.6257695723171012, 0, 0, 0, 0, 0]
全局模型1的所有信息如下
epoch is : 182
----------------------------------------------
acc is : [0.0, 100.0, 100.0, 100.0, 59.98046875000001, 60.01953125, 80.0, 59.827223557692314, 71.7157451923077, 82.9296875, 78.72295673076923, 93.7274639423077, 50.68058894230769, 77.33623798076923, 42.07331730769231, 73.08143028846153, 87.28966346153847, 89.33443509615385, 83.32632211538463, 75.52734375, 72.41586538461539, 86.55348557692307, 84.4561298076923, 86.3671875, 94.05799278846153, 86.04116586538461, 77.04026442307692, 79.5147235576923, 87.23407451923076, 84.89182692307692, 84.47716346153847, 97.58413461538463, 93.07692307692307, 81.22145432692308, 76.44981971153847, 70.43569711538463, 72.70282451923077, 88.61929086538461, 72.74789663461539, 66.72926682692307, 78.41045673076923, 58.67638221153847, 68.96634615384615, 69.52373798076923, 74.28335336538461, 81.34014423076923, 82.72536057692307, 89.10606971153847, 94.19471153846153, 94.80018028846153, 81.93960336538461, 91.35516826923077, 89.96995192307692, 94.28185096153845, 89.02043269230768, 93.0724158653846, 92.58563701923077, 95.89993990384616, 91.24098557692308, 78.19110576923076, 66.09825721153845, 91.5174278846154, 89.18118990384617, 94.64242788461539, 96.56700721153845, 94.52674278846153, 90.12319711538461, 95.82481971153847, 94.34194711538461, 91.05919471153847, 89.78966346153845, 90.078125, 89.62740384615385, 94.44861778846153, 82.41887019230771, 96.37770432692308, 92.3046875, 88.04387019230771, 80.5183293269231, 70.33052884615385, 75.47926682692308, 78.7469951923077, 82.01322115384615, 80.53485576923076, 93.73347355769232, 92.03125, 89.11808894230771, 84.79717548076924, 94.93088942307692, 95.11568509615384, 91.7217548076923, 79.7265625, 80.01802884615384, 84.07602163461539, 91.91256009615385, 93.125, 88.69290865384615, 84.67848557692308, 89.69651442307693, 85.24789663461539, 80.78125, 91.99669471153847, 89.47265625, 95.12169471153847, 94.18719951923077, 84.05799278846153, 91.45733173076923, 94.98798076923076, 94.92938701923077, 91.23197115384617, 90.06310096153847, 90.92097355769229, 93.02433894230768, 94.51171875, 95.13221153846153, 97.2175480769231, 95.32752403846153, 97.1198918269231, 93.51712740384615, 94.69951923076924, 92.52704326923077, 91.64663461538461, 95.92698317307692, 91.99669471153847, 89.51472355769229, 88.92878605769232, 93.35486778846155, 91.11778846153847, 96.93509615384613, 94.453125, 94.56129807692307, 84.86929086538461, 93.33233173076924, 95.79176682692308, 92.08834134615384, 93.32181490384615, 97.83653846153847, 93.1475360576923, 94.34645432692307, 93.60276442307693, 93.84465144230771, 94.1631610576923, 95.12169471153847, 92.99278846153847, 95.44170673076921, 95.55288461538461, 92.12139423076924, 90.32451923076923, 92.06580528846153, 77.25210336538463, 91.91256009615385, 87.51352163461539, 96.80288461538463, 97.2175480769231, 92.4579326923077, 95.62049278846153, 93.77854567307693, 94.8407451923077, 90.16977163461539, 93.92427884615385, 94.92337740384616, 97.58263221153847, 90.86388221153845, 87.80048076923077, 89.79867788461539, 87.34224759615384, 82.58112980769229, 82.06280048076924, 90.66856971153847, 90.40414663461537, 90.18179086538461, 91.61959134615385, 77.71935096153847, 89.26682692307692, 83.52013221153844, 87.40985576923077, 92.46995192307693, 91.86598557692308, 92.29417067307692, 95.06610576923077, 86.73527644230768, 88.02734375, 88.73046875]
----------------------------------------------
fisher is : [0.0, 0.0, 0.0, 0.0, 0.0, 0.0, 0.0, 0.0, 0.0, 0.0, -18.719750598073006, -18.719750598073006, -18.719750598073006, -25.64283835887909, -38.988267317414284, -38.988267317414284, -58.290462555363774, -61.39432826824486, -61.39432826824486, -61.39432826824486, -61.39432826824486, -61.39432826824486, -61.39432826824486, -68.85251904465258, -87.48544426448643, -87.48544426448643, -109.29777129925787, -109.29777129925787, -109.29777129925787, -128.5980806592852, -136.3152694310993, -136.3152694310993, -140.4857500102371, -140.4857500102371, -163.8621922377497, -170.95827173814178, -181.81486893445253, -181.81486893445253, -198.6707310769707, -198.6707310769707, -198.6707310769707, -198.6707310769707, -219.3011558931321, -222.27213858999312, -239.48148142918944, -239.48148142918944, -239.48148142918944, -241.20520716812462, -258.8178239008412, -271.6834748527035, -287.165892874822, -300.39469774626195, -300.39469774626195, -302.034179745242, -316.9846676941961, -321.0194007139653, -340.7902300711721, -340.7902300711721, -340.7902300711721, -340.7902300711721, -340.7902300711721, -359.00045990385115, -362.3904343377799, -364.9057850409299, -372.9626736510545, -384.9271478522569, -390.3227586802095, -390.3227586802095, -390.3227586802095, -415.45297800190747, -415.45297800190747, -433.1051200721413, -433.1051200721413, -452.4937596414238, -472.1084982622415, -472.1084982622415, -472.1084982622415, -472.1084982622415, -472.1084982622415, -472.1084982622415, -472.1084982622415, -472.1084982622415, -472.1084982622415, -500.67088488303125, -520.142048034817, -520.142048034817, -533.143079880625, -541.1371810175478, -543.3832093011588, -543.3832093011588, -567.6054497249424, -567.6054497249424, -595.9467584900558, -603.7302316688001, -605.7113899737597, -605.7113899737597, -605.7113899737597, -605.7113899737597, -605.7113899737597, -605.7113899737597, -605.7113899737597, -605.7113899737597, -616.5019673407078, -627.4486050605774, -627.4486050605774, -627.4486050605774, -644.5330880573019, -658.3142875721678, -676.0161145413294, -677.9753684410825, -692.5971485152841, -712.1987561024725, -712.1987561024725, -727.2367729162797, -727.2367729162797, -727.2367729162797, -730.3721498409286, -748.7432853644714, -765.7183219017461, -776.3180631520227, -792.1124171297997, -792.1124171297997, -792.1124171297997, -792.1124171297997, -792.1124171297997, -792.1124171297997, -801.5370085448958, -801.5370085448958, -832.1365419947542, -832.1365419947542, -849.9461297770031, -849.9461297770031, -874.2059694421478, -874.2059694421478, -874.2059694421478, -874.2059694421478, -889.5479799103923, -889.5479799103923, -904.0053435531445, -904.0053435531445, -904.0053435531445, -904.0053435531445, -910.0774272396229, -910.0774272396229, -911.7230774252675, -911.7230774252675, -914.9060573852621, -914.9060573852621, -914.9060573852621, -914.9060573852621, -937.1172076812945, -965.186530769337, -988.1657327641733, -988.1657327641733, -996.3021568334661, -1003.2816035798751, -1003.2816035798751, -1041.3320897794329, -1066.4286975949071, -1084.4314493993297, -1085.2677715802565, -1088.2144410340115, -1088.2144410340115, -1088.2144410340115, -1088.2144410340115, -1088.2144410340115, -1088.2144410340115, -1088.2144410340115, -1106.4764825543389, -1106.4764825543389, -1115.961075290572, -1115.961075290572, -1115.961075290572, -1129.5302035419736, -1141.7397705316544, -1141.7397705316544, -1160.4920114492998, -1180.8119427971542, -1180.8119427971542, -1180.8119427971542, -1180.8119427971542, -1180.8119427971542, -1185.2554953582585]
----------------------------------------------
time is : [1.4574368801849724, 0, 0, 10.21981492031884, 0.29925455929296696, 9.399932388330626, 8.372527842340787, 10.382869782228976, 0.7558180904015899, 0.7249507771339267]
----------------------------------------------
END is : [0, 0, 0, 0, 0, 0, 0, 0, 0, 0]
----------------------------------------------
delta is : [0, 0, 0, 0, 0.6257695723171012, 0, 0, 0, 0, 0]
全局模型2的所有信息如下
epoch is : 235
----------------------------------------------
acc is : [0.0, 100.0, 80.0, 60.0, 60.0, 45.28846153846155, 60.01953125, 75.48677884615384, 75.48677884615384, 89.23828125, 90.92998798076923, 53.54116586538462, 51.598557692307686, 51.60907451923077, 80.02403846153847, 63.11448317307693, 88.35486778846153, 70.98858173076923, 75.11868990384615, 86.32512019230771, 85.76322115384617, 84.51622596153847, 64.6484375, 87.14543269230768, 92.05228365384615, 67.99278846153845, 83.34735576923077, 88.46454326923077, 85.7196514423077, 86.86899038461539, 85.3019831730769, 83.17157451923076, 83.29326923076923, 91.56550480769232, 91.68719951923077, 85.14873798076923, 94.87079326923077, 74.62890625, 79.26983173076924, 94.49368990384616, 94.29086538461539, 87.79897836538461, 93.41947115384615, 89.52524038461537, 88.4375, 86.70372596153847, 85.61748798076924, 77.17848557692307, 69.9444110576923, 58.375901442307686, 42.56310096153847, 50.4522235576923, 77.109375, 81.96364182692307, 73.56820913461539, 65.16225961538463, 66.5264423076923, 61.16135817307693, 57.80048076923077, 78.05588942307693, 74.99549278846153, 91.4543269230769, 95.92848557692307, 80.84885817307692, 75.48377403846153, 79.19771634615384, 84.83473557692307, 77.62319711538461, 88.67337740384616, 89.74308894230768, 89.01141826923077, 86.37319711538461, 69.14813701923077, 60.92097355769231, 73.46604567307693, 72.22806490384615, 91.88251201923079, 96.22295673076924, 81.70973557692308, 91.60006009615384, 90.53786057692308, 92.18449519230771, 92.38882211538461, 91.96514423076924, 88.45102163461537, 85.04807692307693, 85.40865384615385, 85.46424278846153, 91.26352163461539, 92.99729567307692, 88.34284855769229, 86.46183894230771, 84.40504807692308, 82.40685096153847, 86.82842548076923, 87.52704326923076, 87.26862980769229, 85.85486778846153, 84.23227163461539, 87.13942307692307, 83.29026442307692, 90.51532451923077, 87.26712740384615, 83.79807692307693, 93.85667067307693, 94.46514423076924, 92.45042067307693, 89.0790264423077, 86.37620192307693, 86.6796875, 92.04927884615385, 78.70793269230771, 93.09795673076924, 72.71784855769232, 74.57632211538461, 73.78455528846153, 89.05198317307693, 82.36628605769229, 94.91586538461539, 93.36237980769232, 90.30498798076924, 89.47265625, 87.14993990384615, 92.51953125, 78.23016826923077, 81.04717548076923, 80.23587740384615, 85.50030048076923, 87.48948317307692, 87.42037259615385, 84.55528846153847, 85.23587740384615, 88.28575721153847, 88.90174278846153, 91.17487980769229, 85.50631009615385, 85.62049278846156, 81.95162259615385, 89.00691105769229, 93.81911057692308, 91.25450721153845, 89.42608173076924, 88.8837139423077, 80.79777644230768, 91.90955528846155, 93.65685096153847, 88.80108173076924, 95.98858173076923, 91.32512019230768, 97.82301682692307, 92.47596153846153, 93.67037259615385, 91.5625, 92.93118990384615, 91.640625, 93.11899038461539, 92.97926682692308, 93.93629807692307, 92.54206730769229, 85.41766826923076, 92.52103365384615, 93.22566105769229, 94.17217548076924, 85.52884615384617, 87.48948317307693, 89.73557692307693, 89.73407451923077, 93.35036057692308, 93.33082932692308, 95.32752403846153, 87.87109375, 94.55829326923076, 91.23497596153847, 93.46153846153845, 94.01141826923076, 84.71905048076923, 84.87379807692307, 86.52944711538461, 86.73978365384615, 87.23858173076924, 93.0438701923077, 90.79176682692308, 90.0165264423077, 90.5048076923077, 90.91496394230771, 92.60366586538463, 92.82451923076923, 88.80709134615385, 88.14903846153847, 90.94951923076924, 93.03786057692308, 92.85907451923077, 91.65564903846153, 89.15414663461539, 85.19981971153847, 92.52253605769229, 91.32662259615385, 93.28575721153844, 92.68028846153847, 91.89753605769229, 86.73076923076923, 91.01262019230768, 84.29537259615385, 85.3034855769231, 96.55498798076921, 93.78756009615385, 94.62890625, 96.99068509615385, 95.25240384615385, 93.20913461538461, 89.81820913461537, 82.13341346153847, 86.73377403846153, 86.54447115384615, 92.45643028846156, 85.61298076923076, 82.5946514423077, 89.54627403846153, 81.81640625, 80.65504807692308, 89.79116586538461, 90.79176682692308, 95.31400240384616, 85.88792067307693, 76.5009014423077, 93.5772235576923, 89.90234375, 89.81520432692307, 93.515625, 85.97055288461539, 91.77283653846153, 89.20673076923077, 91.85096153846153, 85.8173076923077, 84.36748798076923, 87.22506009615385]
----------------------------------------------
fisher is : [0.0, 0.0, -152.3261404633522, -156.21332424879074, -315.85186606645584, -318.22042962908745, -319.207097992301, -319.207097992301, -322.2503867596388, -503.417872980237, -527.6415515989065, -548.3650706261396, -562.1132087409496, -570.6921674311161, -573.7721520066261, -573.7721520066261, -573.7721520066261, -578.0704707503319, -772.8414435843006, -777.3557158568874, -777.3557158568874, -970.6419700323604, -970.6419700323604, -970.6419700323604, -979.1024464904331, -979.1024464904331, -983.8606374799274, -989.7499229251407, -989.7499229251407, -993.8354064165615, -993.8354064165615, -1009.2533166497014, -1011.7172697274946, -1015.2056372552179, -1015.2056372552179, -1015.2056372552179, -1158.3908355158055, -1158.3908355158055, -1168.1702577691758, -1176.8732419234002, -1179.9501498561585, -1354.274340349366, -1354.274340349366, -1565.5661963551538, -1579.592932804604, -1601.7051553718047, -1807.4503104231553, -1811.1071918971138, -1814.4949290669756, -1818.5393208778696, -1818.5393208778696, -1840.4641911900835, -2072.1002254999476, -2090.2194384253817, -2099.987706962158, -2103.5883047013776, -2340.6075744359987, -2346.6901750779944, -2347.2738216585713, -2347.2738216585713, -2581.096023208578, -2581.096023208578, -2603.338826662977, -2608.4206451243954, -2608.4206451243954, -2608.4206451243954, -2623.729159048875, -2623.729159048875, -2623.729159048875, -2623.729159048875, -2632.16497855552, -2768.9217905730184, -2768.9217905730184, -2776.4511956900533, -2997.5048241645272, -2997.5048241645272, -3003.4440338343557, -3021.43880331071, -3021.43880331071, -3025.6931431845005, -3046.9763272136624, -3276.4580771207984, -3284.330083224195, -3418.688471618443, -3443.7898069183666, -3443.7898069183666, -3685.092901379927, -3685.092901379927, -3702.568818024485, -3951.226639992683, -3951.226639992683, -3951.226639992683, -3964.82338983485, -3985.914839676707, -3985.914839676707, -4196.739983041896, -4196.739983041896, -4199.459755619182, -4318.601536893695, -4546.525272251516, -4779.039875136166, -4783.087052242308, -5012.843724762499, -5012.843724762499, -5012.843724762499, -5020.594953452646, -5032.851538275778, -5032.851538275778, -5059.662840371429, -5070.780704771578, -5070.780704771578, -5266.109577957019, -5266.109577957019, -5466.858777754884, -5471.483962939064, -5495.358925894778, -5619.509508892837, -5619.509508892837, -5625.275095030609, -5836.287668555919, -5838.689459428135, -5852.642868407014, -5855.559943206552, -5855.559943206552, -6070.286020759437, -6071.213035736177, -6071.213035736177, -6270.12491741864, -6276.863105357568, -6348.7036895781075, -6348.7036895781075, -6361.535170260004, -6454.413846710466, -6454.413846710466, -6455.9529128523645, -6480.564156450528, -6480.564156450528, -6487.094375498789, -6498.652792193454, -6498.652792193454, -6500.2445612032825, -6500.2445612032825, -6506.757719297717, -6519.736759831021, -6533.189247150729, -6538.752920438955, -6547.55993776531, -6557.3923562163955, -6568.233242094005, -6568.233242094005, -6574.048398810738, -6574.970407045746, -6574.970407045746, -6574.970407045746, -6589.320992990696, -6769.2054307793815, -6769.2054307793815, -6774.8250922297675, -6810.29087776637, -6810.29087776637, -6810.29087776637, -6819.568776151396, -6819.568776151396, -6819.568776151396, -6822.570939174153, -7028.488158555932, -7040.5762875995115, -7040.899952216305, -7040.899952216305, -7041.8611393703595, -7063.910066200651, -7075.980571998514, -7075.980571998514, -7087.249331547178, -7087.249331547178, -7101.363226751097, -7150.422250167247, -7165.1350303150375, -7383.469253690693, -7383.469253690693, -7394.404852809164, -7394.404852809164, -7404.600937964175, -7410.611773730967, -7410.611773730967, -7414.8676985913135, -7419.8045254658155, -7419.8045254658155, -7419.8045254658155, -7448.096525161638, -7448.096525161638, -7461.400509540596, -7461.400509540596, -7581.953880494163, -7610.831872483418, -7610.831872483418, -7610.831872483418, -7812.122623888478, -7821.925257163954, -7821.925257163954, -7821.925257163954, -7843.706125610408, -7843.706125610408, -7857.6792586379615, -7857.6792586379615, -7868.887921624717, -7881.155238979396, -7881.155238979396, -7882.773473256168, -7892.020363011297, -7892.020363011297, -7901.428244390425, -7902.4398503237335, -7929.888910794643, -7947.053559173841, -8013.865060724387, -8206.364290573936, -8236.326541388222, -8242.805031115004, -8269.658563048397, -8405.06133037751, -8405.06133037751, -8408.874784916094, -8422.390040486505, -8513.744248473879, -8529.573206567999, -8536.700786100562, -8593.047722990632, -8598.152404199362, -8612.912813246325, -8613.774924736545, -8613.774924736545, -8617.070088844821, -8617.070088844821, -8622.519868509527, -8622.519868509527]
----------------------------------------------
time is : [9.293243768740943, 0.3363046610780387, 14.64763579377571, 9.4261653551157, 0.8282992191074483, 0.5936777770402841, 8.509400411239767, 9.13433602084884, 0, 16.749535172362812]
----------------------------------------------
END is : [0, 0, 0, 0, 0, 0, 0, 0, 0, 0]
----------------------------------------------
delta is : [0, 0, 0, 0, 0.6257695723171012, 0, 0, 0, 0, 0]
全局模型3的所有信息如下
epoch is : 98
----------------------------------------------
acc is : [0.0, 100.0, 100.0, 100.0, 100.0, 45.28846153846153, 90.51532451923077, 86.12379807692307, 86.12379807692307, 71.55048076923076, 34.03545673076923, 40.48677884615385, 78.51712740384616, 90.18028846153847, 93.77704326923076, 91.80438701923077, 94.86628605769229, 92.83353365384615, 92.18149038461539, 84.13912259615385, 81.9921875, 93.03335336538461, 88.64182692307692, 93.30228365384615, 70.703125, 70.40114182692308, 60.96153846153845, 66.6180889423077, 70.12770432692308, 81.92908653846153, 80.22836538461539, 90.8683894230769, 86.94260817307692, 87.48948317307692, 87.97475961538461, 77.24909855769232, 87.23707932692308, 76.0712139423077, 89.02193509615385, 87.22205528846153, 94.85727163461539, 80.1983173076923, 89.11358173076923, 96.88100961538461, 95.92848557692307, 95.26141826923077, 84.7821514423077, 86.92758413461539, 89.08203125, 84.46213942307693, 76.67067307692308, 78.09795673076924, 81.99819711538461, 93.36688701923077, 92.77644230769229, 86.07271634615385, 78.25570913461539, 82.35877403846153, 80.05709134615383, 80.54537259615385, 84.00240384615385, 91.80588942307692, 91.96063701923076, 92.30318509615383, 85.54387019230771, 97.27614182692308, 88.25420673076924, 96.29957932692307, 89.9864783653846, 88.28725961538461, 92.1649639423077, 86.27103365384615, 97.09134615384615, 94.88731971153847, 88.21514423076924, 89.90534855769229, 91.56099759615385, 87.29567307692308, 90.09314903846153, 91.875, 91.15985576923077, 91.76081730769232, 87.84855769230771, 88.51412259615385, 83.75751201923076, 83.52313701923076, 94.72355769230771, 92.52403846153845, 91.34765625, 87.0928485576923, 88.2061298076923, 96.96514423076923, 94.74008413461539, 91.53395432692308, 88.25120192307693, 88.65835336538461, 91.09525240384615, 84.96694711538461, 81.35516826923077]
----------------------------------------------
fisher is : [0.0, 0.0, 0.0, 0.0, 0.0, 0.0, 0.0, 0.0, 0.0, 0.0, 0.0, 0.0, 0.0, 0.0, -16.612166553735733, -21.24714418500662, -21.24714418500662, -21.24714418500662, -28.606098033487797, -28.606098033487797, -28.606098033487797, -34.68374306708574, -34.68374306708574, -34.68374306708574, -34.68374306708574, -34.68374306708574, -34.68374306708574, -41.78231505677104, -41.78231505677104, -41.78231505677104, -41.78231505677104, -41.78231505677104, -41.78231505677104, -41.78231505677104, -41.78231505677104, -41.78231505677104, -41.78231505677104, -41.78231505677104, -46.444888930767775, -46.444888930767775, -46.444888930767775, -46.444888930767775, -46.444888930767775, -57.848889250308275, -57.848889250308275, -57.848889250308275, -65.21707021072507, -65.21707021072507, -78.50704502686858, -78.50704502686858, -78.50704502686858, -78.50704502686858, -78.50704502686858, -95.96690423041582, -95.96690423041582, -95.96690423041582, -95.96690423041582, -95.96690423041582, -95.96690423041582, -95.96690423041582, -103.36516872420907, -103.36516872420907, -103.36516872420907, -103.36516872420907, -103.36516872420907, -103.36516872420907, -103.36516872420907, -116.51670749112964, -116.51670749112964, -116.51670749112964, -116.51670749112964, -116.51670749112964, -123.01148211583495, -123.01148211583495, -123.01148211583495, -123.01148211583495, -123.01148211583495, -138.0278847105801, -145.51710746064782, -145.51710746064782, -145.51710746064782, -150.4207217618823, -151.42247071303427, -160.07601409964263, -160.07601409964263, -165.17839057929814, -165.17839057929814, -165.17839057929814, -170.2040186803788, -170.2040186803788, -197.22902064584196, -197.22902064584196, -197.22902064584196, -197.22902064584196, -197.22902064584196, -197.22902064584196, -197.22902064584196, -197.22902064584196, -197.22902064584196]
----------------------------------------------
time is : [0, 0, 0, 1.538588373179664, 0, 2.24835334304953, 0, 0.3273835448299014, 8.990146190728524, 1.6970647579801152]
----------------------------------------------
END is : [0, 0, 0, 0, 0, 0, 0, 0, 0, 0]
----------------------------------------------
delta is : [0, 0, 0, 0, 0.6257695723171012, 0, 0, 0, 0, 0]
全局模型4的所有信息如下
epoch is : 251
----------------------------------------------
acc is : [0.0, 100.0, 100.0, 80.0, 80.0, 80.0, 59.98046875000001, 80.0, 80.0, 40.01953125, 100.0, 60.916466346153854, 79.8272235576923, 62.756911057692314, 100.0, 50.578425480769226, 60.50030048076923, 60.428185096153854, 78.64332932692307, 98.00330528846153, 96.92157451923077, 76.01111778846153, 61.80288461538461, 78.00631009615385, 92.98076923076923, 68.97385817307693, 75.77674278846155, 78.90474759615384, 78.84615384615385, 85.22536057692308, 92.8936298076923, 82.87259615384616, 82.46394230769229, 87.90414663461539, 89.77614182692307, 95.33653846153847, 86.52043269230771, 80.60396634615385, 74.51171875, 88.32181490384615, 91.50240384615384, 88.97235576923077, 87.3046875, 92.36929086538461, 91.57151442307693, 88.45552884615383, 89.10006009615384, 95.48828125, 91.50841346153847, 81.29206730769229, 68.42848557692307, 75.64753605769232, 85.87590144230768, 84.08804086538461, 97.70132211538461, 94.98798076923076, 95.41316105769229, 94.91135817307693, 86.7412860576923, 98.11448317307692, 88.1640625, 95.21183894230771, 79.12710336538463, 53.93479567307692, 87.82001201923076, 70.84885817307692, 89.85877403846153, 95.83984375, 95.36358173076923, 82.25510817307692, 90.18179086538461, 89.7265625, 91.484375, 95.68509615384615, 78.44801682692307, 81.97866586538461, 91.59555288461536, 86.2109375, 80.20582932692308, 78.67938701923076, 79.16316105769229, 60.808293269230774, 78.64182692307692, 76.27704326923077, 64.74008413461537, 88.94981971153847, 90.16225961538463, 92.8125, 88.05588942307692, 91.0907451923077, 90.8203125, 95.48677884615385, 94.54627403846153, 94.92638221153847, 91.39122596153847, 92.38131009615384, 91.66316105769229, 93.92728365384615, 90.08413461538464, 89.28335336538463, 95.83834134615384, 90.38762019230771, 90.60546875, 94.40204326923076, 93.30078125, 91.98467548076923, 92.01923076923076, 91.96514423076924, 93.76352163461539, 87.31069711538461, 88.36838942307692, 84.41706730769229, 92.93719951923076, 83.72295673076924, 84.25931490384615, 84.49669471153847, 93.64032451923077, 92.10036057692308, 88.22115384615385, 79.71153846153845, 95.50931490384616, 92.3332331730769, 91.90655048076923, 89.59134615384615, 88.30679086538463, 88.62680288461539, 80.35907451923077, 80.46574519230771, 91.20342548076923, 88.82211538461539, 85.30048076923077, 85.18329326923076, 86.63161057692307, 90.46123798076924, 91.41977163461539, 79.69651442307692, 90.22986778846153, 80.62650240384615, 94.26682692307693, 96.12530048076924, 87.43990384615384, 85.09915865384615, 80.86838942307692, 92.88611778846155, 89.77764423076924, 84.22325721153847, 84.38100961538461, 85.91195913461537, 91.20192307692307, 93.91826923076924, 91.69320913461539, 86.81941105769229, 85.42818509615385, 78.02283653846155, 89.6484375, 86.5625, 89.21424278846153, 92.73137019230771, 91.51742788461539, 90.05408653846153, 87.421875, 86.48287259615385, 95.52734375, 93.98888221153847, 89.40955528846153, 85.3125, 88.96935096153847, 93.76802884615385, 95.91646634615383, 96.01412259615383, 95.42518028846153, 93.0889423076923, 93.45102163461539, 92.89963942307692, 94.47265625, 90.42818509615384, 91.07722355769232, 93.48407451923076, 90.81730769230771, 91.62710336538463, 93.05889423076923, 90.16977163461539, 83.75751201923076, 97.59314903846153, 93.80258413461539, 89.94891826923077, 89.74609375, 90.78575721153847, 88.95883413461539, 90.15625, 89.55078125, 86.9305889423077, 95.46574519230768, 93.0438701923077, 90.25540865384615, 90.17878605769229, 87.41736778846155, 88.74248798076924, 94.84975961538463, 91.57602163461537, 94.86027644230771, 91.36568509615385, 86.36117788461539, 87.3497596153846, 90.10817307692307, 92.1649639423077, 91.79987980769229, 93.76352163461539, 75.2899639423077, 77.27013221153845, 76.88251201923076, 91.64963942307693, 96.81790865384615, 91.97566105769232, 96.26352163461537, 88.42998798076923, 90.7061298076923, 81.17337740384617, 95.01502403846153, 88.39393028846153, 79.90985576923076, 88.2421875, 87.1875, 80.55889423076923, 84.55979567307692, 89.89032451923077, 89.25931490384616, 90.6640625, 88.70943509615385, 91.28305288461537, 92.39182692307693, 88.93930288461537, 86.36568509615385, 85.97355769230771, 84.05498798076924, 76.53094951923076, 76.63611778846153, 84.39603365384615, 87.48197115384615, 88.90625, 86.26502403846153, 90.99008413461537, 85.96754807692308, 93.0168269230769, 92.64873798076921, 89.98347355769229, 90.26893028846153, 87.5165264423077, 88.55318509615385, 87.41286057692308, 79.20072115384616, 87.33774038461539]
----------------------------------------------
fisher is : [0.0, 0.0, -189.72386123239994, -189.72386123239994, -189.72386123239994, -259.57745710760355, -289.56001675873995, -431.55418161302805, -431.55418161302805, -431.55418161302805, -583.7108412757516, -784.8072015717626, -840.433211542666, -989.4449723735452, -1135.030767051503, -1342.0238674711436, -1495.345613045618, -1495.345613045618, -1700.17416347377, -1729.0239773970097, -1884.7216606680304, -1924.0248768571764, -1924.0248768571764, -2012.8073931841645, -2152.675758523168, -2179.7545510281343, -2369.919826169731, -2562.7542549718637, -2777.74129388039, -2992.938726279186, -3024.6281253874768, -3215.472721266793, -3215.472721266793, -3403.085874486016, -3604.2890394881833, -3807.456679652678, -3807.456679652678, -3835.0842522785533, -4026.3427003279794, -4047.8956534594763, -4078.7727110397536, -4271.038228676887, -4326.455848039361, -4505.699945212575, -4567.312522561522, -4627.156750533381, -4694.002466942766, -4878.059418711462, -4938.647439039894, -5151.871936224052, -5290.347083323286, -5354.619109760388, -5408.529802681296, -5436.585885967477, -5436.585885967477, -5660.04312835203, -5687.479193638428, -5687.479193638428, -5744.326971252565, -5774.866714785923, -5843.458911846508, -5973.266678459127, -5973.266678459127, -6030.337838970969, -6168.4107300121395, -6292.677628129051, -6443.477571355907, -6480.904544300196, -6702.1653921071265, -6755.96020522507, -6980.336420802196, -7115.479089966015, -7294.617600630474, -7325.359613496315, -7325.359613496315, -7358.862210722145, -7358.862210722145, -7358.862210722145, -7384.882630384498, -7599.786708808475, -7654.9305484178185, -7684.882637875591, -7684.882637875591, -7708.09270391005, -7946.237986089167, -7946.237986089167, -8081.868981967185, -8271.446279179741, -8489.187030848552, -8622.866880611371, -8670.198241689097, -8760.706403310964, -8777.751361031405, -8885.38048541348, -8903.800644074101, -8903.800644074101, -9025.757636413677, -9232.917704359395, -9232.917704359395, -9232.917704359395, -9478.485313371522, -9499.149300136836, -9599.253263098799, -9625.838386347197, -9704.719715079147, -9865.144858458865, -9882.014449794224, -9882.014449794224, -9982.563451777038, -10127.930404234852, -10165.258020710375, -10165.258020710375, -10293.127782227122, -10293.127782227122, -10382.086559300631, -10401.798821235396, -10552.842917698756, -10564.297740485024, -10606.986593177047, -10624.685496343736, -10770.890090141416, -10807.307163128251, -10888.579472270845, -10899.667606705036, -10940.734079771843, -10972.55107866627, -10972.55107866627, -10985.706094938309, -11161.9769454384, -11185.141635556683, -11216.934924698005, -11275.319786137019, -11275.319786137019, -11471.07360537355, -11493.35697173367, -11493.35697173367, -11581.101674020165, -11612.615082966824, -11612.615082966824, -11643.005662147732, -11672.414812059802, -11711.974617348713, -11711.974617348713, -11739.928267793975, -11771.802434306255, -11800.79714626925, -11800.79714626925, -11817.4388164119, -11817.4388164119, -11898.00548116541, -11922.067264594645, -11931.324978259405, -11944.314497591009, -12107.474844967843, -12178.375612521906, -12178.375612521906, -12197.101241363658, -12197.101241363658, -12217.638935692996, -12217.638935692996, -12251.374516026432, -12358.938121391542, -12392.12340893626, -12519.75635282236, -12543.58374355342, -12571.851698212718, -12590.739595563078, -12590.739595563078, -12642.826472175824, -12642.826472175824, -12662.324946484172, -12668.175372050298, -12688.62587321274, -12688.62587321274, -12696.552780932901, -12717.041358674565, -12736.912327152051, -12745.176044632724, -12755.995065425486, -12755.995065425486, -12948.479256845509, -12959.03662197917, -12961.568930966632, -12961.568930966632, -12979.879690421627, -13016.592893778377, -13053.883654480001, -13073.534298164903, -13090.789995863286, -13103.901040682258, -13121.998802119053, -13167.299590512792, -13187.79342408546, -13214.471072029752, -13266.494582905078, -13291.477060838457, -13306.295192934456, -13311.578675812161, -13352.908340403119, -13385.809758440453, -13413.967765144429, -13429.429584555097, -13429.429584555097, -13429.429584555097, -13436.420957487839, -13449.126398975559, -13449.126398975559, -13464.898360128287, -13543.059683690428, -13560.322940404545, -13588.43289191419, -13592.198530709573, -13641.164725708773, -13641.164725708773, -13657.567057257857, -13683.637832582335, -13754.119193889044, -13776.801642193972, -13793.75558134566, -13800.816134568919, -13817.516589806157, -13825.629815669918, -13834.219043664953, -13834.219043664953, -13834.219043664953, -13850.766850000467, -13882.548155987855, -13930.433398139454, -13937.45861588421, -13949.832201242632, -13983.090860401997, -13989.435741031735, -13994.403192625825, -13996.53736043239, -13998.096333725036, -14008.444590578096, -14020.126427792624, -14025.592852456935, -14025.592852456935, -14026.244016832481, -14026.244016832481, -14038.093146349229, -14038.093146349229, -14038.093146349229, -14044.862331281436, -14071.881351336704, -14098.621971483646, -14098.621971483646, -14098.621971483646, -14124.582619585342, -14136.603258263165, -14136.603258263165]
----------------------------------------------
time is : [15.989007853201922, 11.197911840140842, 13.226438008273952, 11.85713696919629, 15.7705220927246, 0.754016932376544, 10.995059007663258, 10.776899105783498, 1.7551791789206845, 2.5050037579785567]
----------------------------------------------
END is : [0, 0, 0, 0, 0, 0, 0, 0, 0, 0]
----------------------------------------------
delta is : [0, 0, 0, 0, 0.6257695723171012, 0, 0, 0, 0, 0]
全局模型5的所有信息如下
epoch is : 135
----------------------------------------------
acc is : [0.0, 100.0, 60.0, 65.28846153846153, 60.0, 40.01953125, 51.95763221153846, 62.756911057692314, 79.87530048076923, 34.03545673076923, 80.18329326923077, 65.15625, 85.6670673076923, 90.76021634615385, 78.45853365384615, 82.32722355769232, 75.49579326923077, 67.3076923076923, 86.47686298076923, 79.81670673076924, 82.93419471153844, 76.33713942307692, 68.62379807692307, 89.20072115384615, 92.09735576923077, 74.19771634615385, 91.2274639423077, 93.85967548076923, 89.46965144230768, 89.32542067307693, 88.42848557692307, 80.32602163461539, 45.34705528846153, 70.3064903846154, 88.94831730769232, 89.20222355769229, 88.43900240384615, 80.57091346153847, 80.21784855769229, 90.84435096153847, 88.00631009615385, 91.57752403846153, 89.35697115384616, 86.82091346153847, 85.29296875, 74.82421875, 85.70612980769232, 95.21935096153845, 90.61598557692308, 89.60637019230768, 94.50270432692307, 88.34435096153847, 91.42728365384615, 88.5907451923077, 86.30709134615385, 89.78966346153847, 86.63311298076923, 93.49909855769229, 86.19140625, 93.63581730769232, 90.73167067307692, 91.03515625, 87.98377403846153, 88.2316706730769, 90.96454326923077, 75.44621394230768, 88.66586538461539, 92.09435096153847, 93.56069711538461, 91.31911057692307, 93.37740384615383, 92.03725961538461, 87.99429086538461, 88.63581730769229, 84.57632211538461, 90.56039663461539, 87.93419471153847, 90.078125, 92.09435096153847, 89.65294471153847, 92.01923076923076, 91.02914663461539, 87.5480769230769, 95.47926682692308, 95.47626201923076, 92.53756009615385, 93.41646634615385, 91.18088942307693, 95.01953125, 93.84915865384616, 92.06580528846156, 86.19441105769229, 90.80979567307692, 88.49008413461536, 88.48557692307692, 91.70222355769232, 90.55288461538463, 94.13912259615384, 92.80949519230771, 91.70673076923077, 82.86808894230771, 89.46063701923077, 95.64302884615384, 90.28996394230771, 90.68810096153847, 90.09014423076923, 86.63161057692308, 90.16977163461539, 93.09645432692307, 89.59585336538461, 82.74338942307693, 83.72445913461539, 93.20913461538461, 92.08082932692307, 88.61778846153847, 90.86538461538461, 85.4266826923077, 91.61508413461539, 89.39903846153847, 96.03215144230768, 95.703125, 97.12740384615385, 95.37109375, 81.41075721153847, 83.9618389423077, 88.23467548076923, 86.23347355769232, 89.7265625, 87.95522836538461, 91.14182692307692, 82.22205528846153, 87.6141826923077, 91.46935096153847, 74.57782451923076, 85.09765625, 87.83653846153847]
----------------------------------------------
fisher is : [0.0, -25.957351118326187, -34.56919106841087, -41.48566584289074, -115.23228637874126, -115.23228637874126, -131.36848983168602, -162.4558541327715, -171.86346233263612, -254.3817261494696, -277.56387097015977, -310.23745791986585, -342.0674315057695, -426.8358176164329, -426.8358176164329, -426.8358176164329, -500.5277502052486, -500.5277502052486, -561.498829241842, -593.5673720352352, -665.2532054595649, -665.2532054595649, -758.0082069896162, -780.0338346399367, -823.3262444473803, -910.8572484143078, -951.2258041836321, -985.0369256921113, -1077.7387838698924, -1116.951335247606, -1176.3742951862514, -1209.5156126730144, -1209.5156126730144, -1243.1438863538206, -1269.0874458812177, -1269.0874458812177, -1280.8189384154975, -1315.4878826085478, -1326.2541271299124, -1395.2395277917385, -1484.689339157194, -1511.089517094195, -1535.5932395663112, -1627.8459462728351, -1627.8459462728351, -1640.9193597361445, -1661.1116556171328, -1679.890749398619, -1700.8189964757767, -1721.5172436346766, -1721.5172436346766, -1731.9715299846139, -1799.9736615007278, -1812.4632438959088, -1834.2161876575556, -1854.693968333071, -1888.4620553662535, -1915.5222238858696, -1950.3130554051604, -1977.2089418794494, -1977.2089418794494, -1995.610920045292, -2006.9173882880714, -2024.8378217907157, -2049.87752894382, -2117.4879253583495, -2117.4879253583495, -2130.1247785624582, -2130.1247785624582, -2156.703495153459, -2183.196119616041, -2244.4387296373025, -2272.0835565663874, -2280.36429089983, -2280.36429089983, -2289.6700267449487, -2289.6700267449487, -2335.54585288628, -2350.4747161380947, -2360.283131616452, -2377.1104617656965, -2377.1104617656965, -2377.1104617656965, -2394.012042991555, -2394.012042991555, -2394.012042991555, -2405.1040522500116, -2432.282786482683, -2440.8348240756604, -2449.4675035986293, -2457.0910193503514, -2493.8877194849338, -2513.344070698091, -2543.636137004898, -2543.636137004898, -2549.965350459788, -2573.4561733710507, -2590.749361210961, -2622.8935153535494, -2627.957857466761, -2627.957857466761, -2653.497180789236, -2669.6961996332902, -2698.5354449624356, -2716.6095561651673, -2732.0965028140854, -2768.6914332933884, -2786.340851834386, -2814.388991099193, -2814.388991099193, -2814.388991099193, -2826.449363806045, -2835.7193835348517, -2835.7193835348517, -2843.7763765935706, -2867.996621750939, -2906.1180117416116, -2921.940295733966, -2921.940295733966, -2958.8726357404266, -2977.0515098116484, -2977.0515098116484, -3004.670971446776, -3025.9359655092594, -3025.9359655092594, -3049.586230435514, -3079.7721034416354, -3106.8425615950728, -3106.8425615950728, -3136.077441477584, -3136.077441477584, -3159.853906566703, -3159.853906566703, -3159.853906566703, -3172.851488593373, -3195.810650446587]
----------------------------------------------
time is : [0, 9.99049881001735, 0, 0.24146738077979535, 12.732745347558541, 10.572832573508094, 11.243676136992235, 0, 0, 1.2914910271870212]
----------------------------------------------
END is : [0, 0, 0, 0, 0, 0, 0, 0, 0, 0]
----------------------------------------------
delta is : [0, 0, 0, 0, 0.6257695723171012, 0, 0, 0, 0, 0]
全局模型6的所有信息如下
epoch is : 75
----------------------------------------------
acc is : [0.0, 100.0, 100.0, 80.0, 100.0, 60.916466346153854, 58.15504807692309, 59.58233173076923, 80.02403846153847, 86.42277644230771, 84.0625, 64.54627403846153, 88.84915865384615, 91.13131009615385, 84.65444711538461, 86.66766826923077, 91.04867788461539, 93.12349759615385, 98.67938701923077, 93.15504807692307, 92.88912259615383, 92.9462139423077, 77.1844951923077, 65.77524038461539, 83.52764423076924, 89.84525240384616, 89.9669471153846, 89.93689903846153, 94.71003605769232, 90.11868990384615, 74.83323317307693, 74.61989182692308, 93.10697115384615, 94.91887019230768, 93.80709134615384, 95.68359375, 92.57962740384616, 87.77493990384617, 91.74429086538461, 79.92037259615384, 89.46213942307693, 85.81129807692308, 79.99248798076923, 83.3173076923077, 86.73076923076923, 91.10877403846155, 93.91977163461537, 95.5889423076923, 88.34735576923076, 93.98287259615384, 91.94711538461539, 88.28425480769229, 87.50150240384616, 93.85967548076923, 90.39663461538461, 94.33293269230771, 93.24819711538461, 89.08954326923076, 92.41286057692307, 90.85036057692308, 96.45733173076924, 95.81730769230768, 90.07061298076924, 91.35817307692307, 92.38431490384616, 89.41856971153847, 86.6376201923077, 88.96033653846153, 84.71905048076923, 92.26712740384615, 93.58473557692308, 90.22686298076923, 91.16286057692307, 89.13311298076924, 85.94951923076921, 93.40144230769232]
----------------------------------------------
fisher is : [0.0, -3.592153385281563, -7.846954509615898, -149.15845181047916, -155.21963009238243, -158.64717904478312, -203.85163255780935, -276.25473929196596, -428.856823541224, -570.4731658026576, -715.3035393729806, -723.2266205400229, -762.2920769900084, -822.1463408954442, -893.1477561034262, -936.551143694669, -1083.7116913683712, -1223.0784592218697, -1230.6951057724655, -1296.156047821045, -1332.857294846326, -1480.3809472881258, -1520.8104961626232, -1582.0351451039314, -1639.7500853985548, -1768.3603259176016, -1808.3670923486352, -1848.7296823486686, -1855.0064314752817, -1895.8148845657706, -2022.0268303602934, -2077.4974730480462, -2204.277328768745, -2243.2104528807104, -2277.4427214749157, -2289.228602860123, -2293.251417245716, -2320.5275791492313, -2332.5202062185854, -2387.493042515591, -2432.0047126598656, -2483.794188006548, -2599.142067798646, -2612.7098560866434, -2622.7377335738856, -2657.9179155325983, -2704.8455563699827, -2815.1750206826255, -2861.2259406619705, -2865.7576316134073, -2976.3338111666963, -3096.7752816155553, -3143.1215505140135, -3264.9861483053537, -3281.8483422027202, -3320.8361745039, -3426.7894112183712, -3468.201366656227, -3475.2898853055667, -3619.3968231424224, -3658.336218987708, -3764.717666450073, -3777.323229341884, -3796.065719037433, -3921.3904058450134, -3969.9652126947767, -4096.030351064575, -4108.498333129508, -4148.927716907521, -4156.49606100138, -4299.226928124612, -4320.265619675105, -4381.815610298523, -4428.864828908452, -4476.806939237853, -4482.453272176077]
----------------------------------------------
time is : [0, 0, 0, 0, 0, 8.479009870043456, 14.784406805103913, 0, 13.389701986152431, 10.955063176010299]
----------------------------------------------
END is : [0, 0, 0, 0, 0, 0, 0, 0, 0, 0]
----------------------------------------------
delta is : [0, 0, 0, 0, 0.6257695723171012, 0, 0, 0, 0, 0]
全局模型7的所有信息如下
epoch is : 80
----------------------------------------------
acc is : [0.0, 100.0, 80.0, 59.98046875000001, 40.0, 80.0, 66.12379807692308, 54.03545673076924, 78.45552884615385, 97.21454326923077, 93.0859375, 48.045372596153854, 74.89032451923077, 91.85697115384615, 84.61989182692307, 93.75450721153845, 92.97776442307692, 95.64603365384615, 94.67548076923077, 69.78966346153847, 79.77463942307692, 93.3849158653846, 88.64483173076924, 87.53605769230768, 85.96454326923076, 87.68780048076923, 81.17037259615385, 61.05468750000001, 89.88731971153845, 93.97235576923076, 96.51141826923076, 94.45462740384615, 94.20072115384615, 81.58353365384616, 97.18299278846153, 81.65264423076923, 82.02674278846153, 91.28455528846153, 83.76201923076924, 90.98858173076924, 89.47716346153847, 94.40054086538461, 93.01682692307693, 79.35096153846153, 93.87169471153847, 86.17938701923077, 90.72115384615384, 88.02734375, 90.4131610576923, 95.41466346153847, 93.56520432692308, 93.74399038461539, 91.69471153846153, 86.08924278846155, 89.74459134615384, 94.16466346153847, 87.94020432692307, 90.43569711538461, 94.35546875, 92.62920673076923, 90.6415264423077, 92.01772836538463, 95.34254807692308, 94.15114182692307, 94.91436298076923, 94.45012019230768, 76.92157451923077, 84.05198317307692, 96.92007211538461, 88.98587740384615, 81.65715144230768, 89.11959134615385, 91.27253605769229, 83.70943509615385, 95.13221153846153, 93.828125, 92.87409855769232, 87.10787259615384, 86.95012019230768, 90.86388221153847, 89.67397836538463]
----------------------------------------------
fisher is : [0.0, -15.546884208917618, -17.045109272003174, -95.64825120568275, -100.5656643807888, -102.15996719896793, -180.30171406269073, -182.59312400221825, -252.066861204803, -253.37215430289507, -321.8169117141515, -399.1395539287478, -404.63579835928977, -409.50267107225955, -430.3244125638157, -436.7043734136969, -452.7572238240391, -460.08180434443057, -514.7585187610239, -532.0324839409441, -594.3308779147919, -611.1459914294537, -619.9189569724258, -641.2878842202481, -697.871771881124, -759.9850765222218, -821.9297996961977, -823.9476780497935, -831.9777669215109, -838.5842706316616, -862.9708302149083, -914.7861704665702, -943.4025088429917, -964.2933986813296, -979.5722443454433, -990.5879619375337, -1000.351981426822, -1039.6198984886287, -1079.7335825517075, -1134.1226069739787, -1140.6202168947784, -1145.291355926427, -1168.7658293432323, -1181.2936560994713, -1191.2588952815859, -1195.8550073242513, -1202.298863123986, -1249.5022879064782, -1268.74316720746, -1279.533447922091, -1317.6105746765388, -1350.824982105638, -1388.2208189872326, -1433.2576420955593, -1442.5650763564045, -1449.023506780737, -1454.1983672581846, -1530.701801129384, -1537.4106314412784, -1541.9567884958815, -1545.8639031953644, -1554.673478686018, -1600.688695270801, -1619.4060578385834, -1659.5306405965239, -1681.060290493071, -1702.4991412498057, -1769.3427813124144, -1835.1160476766527, -1854.2111779749393, -1860.7097362875938, -1864.7677026689053, -1904.4360189089784, -1935.2105510426918, -1989.62940740271, -2000.2639127640286, -2018.7489643763984, -2024.520683802315, -2045.2908226173604, -2070.664841113263, -2104.8152270145947]
----------------------------------------------
time is : [0, 0, 0, 10.132383863127643, 0, 9.484008897035437, 10.116121755097993, 0, 12.185515869924942, 0]
----------------------------------------------
END is : [0, 0, 0, 0, 0, 0, 0, 0, 0, 0]
----------------------------------------------
delta is : [0, 0, 0, 0, 0.6257695723171012, 0, 0, 0, 0, 0]
全局模型8的所有信息如下
epoch is : 43
----------------------------------------------
acc is : [0.0, 100.0, 25.288461538461537, 80.91646634615385, 82.9296875, 75.5108173076923, 62.590144230769226, 84.55979567307693, 68.97686298076924, 74.86628605769229, 74.2578125, 64.87680288461539, 54.720552884615394, 93.78155048076924, 92.03275240384616, 88.43449519230768, 88.42397836538461, 78.3263221153846, 92.1649639423077, 88.85667067307692, 74.64242788461539, 80.68209134615385, 89.52223557692308, 81.84344951923079, 86.04867788461539, 92.68479567307693, 79.5282451923077, 95.88040865384615, 91.56700721153847, 87.42638221153847, 91.06971153846153, 93.90024038461539, 98.02734375, 92.40685096153847, 93.68990384615384, 94.40955528846153, 93.72445913461537, 96.55498798076924, 91.10126201923077, 86.6796875, 94.72506009615384, 91.93960336538461, 91.63461538461539, 94.4831730769231]
----------------------------------------------
fisher is : [0.0, 0.0, -36.6450704485178, -82.43265874311328, -82.43265874311328, -82.43265874311328, -82.43265874311328, -82.43265874311328, -82.43265874311328, -82.43265874311328, -82.43265874311328, -82.43265874311328, -82.43265874311328, -125.35947002703324, -171.88849580474198, -210.83923215279356, -257.3566185645759, -257.3566185645759, -257.3566185645759, -257.3566185645759, -257.3566185645759, -257.3566185645759, -257.3566185645759, -257.3566185645759, -257.3566185645759, -257.3566185645759, -291.98540247720666, -311.28261387575185, -345.08671524521196, -345.08671524521196, -345.08671524521196, -404.1221681404277, -404.1221681404277, -456.11401659989497, -456.11401659989497, -456.11401659989497, -456.11401659989497, -456.11401659989497, -487.16529621899826, -520.167786072765, -520.167786072765, -520.167786072765, -520.167786072765, -520.167786072765]
----------------------------------------------
time is : [0, 0, 0, 1.3333783933048835, 0, 0, 0, 0, 11.089855027501471, 0.23171674748300575]
----------------------------------------------
END is : [0, 0, 0, 0, 0, 0, 0, 0, 0, 0]
----------------------------------------------
delta is : [0, 0, 0, 0, 0.6257695723171012, 0, 0, 0, 0, 0]
全局模型9的所有信息如下
epoch is : 51
----------------------------------------------
acc is : [0.0, 60.0, 48.9453125, 40.60246394230769, 56.37620192307693, 49.591346153846146, 84.77163461538461, 80.50480769230768, 85.8203125, 94.39903846153845, 68.97235576923076, 80.06009615384615, 85.39813701923077, 86.73677884615385, 92.4864783653846, 87.64272836538461, 92.27463942307692, 92.08383413461539, 94.35997596153847, 96.85096153846153, 96.90955528846153, 93.05138221153847, 91.30709134615384, 90.36658653846153, 85.14573317307692, 84.6875, 91.80889423076923, 93.57421875, 83.59224759615384, 88.9873798076923, 90.10667067307692, 89.39002403846153, 94.42908653846153, 91.26201923076923, 92.08984375, 85.9855769230769, 86.07872596153847, 87.20552884615384, 96.47235576923077, 92.3046875, 85.48227163461539, 96.54597355769229, 92.53004807692307, 92.70582932692308, 88.77403846153847, 91.87049278846153, 91.40925480769229, 92.41586538461539, 88.1640625, 92.06280048076921, 91.90354567307693, 92.08533653846153]
----------------------------------------------
fisher is : [0.0, -46.83893147110939, -173.8328594439663, -292.11533717857674, -382.79922584362794, -425.3994909293251, -527.3426491182763, -610.9060550570721, -680.4967020169715, -731.952817665122, -826.3795868526213, -867.0658271382563, -905.9859917457215, -985.6574198612361, -1057.0778519386222, -1108.4479013854434, -1175.5366461411468, -1249.3339614922697, -1304.504016180097, -1305.783585619389, -1371.25168815014, -1406.5516788562857, -1439.9454148201369, -1475.5220586707912, -1534.2501001728199, -1571.495938338103, -1631.1382524588773, -1670.5465371038392, -1734.2144318929152, -1774.0697723848955, -1812.0937123391197, -1858.8542094332172, -1901.4967773956253, -1938.569375011046, -1984.773213977833, -2023.8371036731644, -2064.4063809596937, -2118.610189926718, -2154.7461404643163, -2194.017875610958, -2242.405263236831, -2281.0072585801736, -2322.918028483606, -2337.464787026262, -2401.8579204368566, -2437.4097861654286, -2469.8252251187614, -2502.152227655617, -2562.8768803034673, -2593.4077257357985, -2624.2642771336023, -2645.0831686805486]
----------------------------------------------
time is : [0, 17.0473895479521, 0, 0, 0, 9.790840278103587, 0, 0, 0, 0]
----------------------------------------------
END is : [0, 0, 0, 0, 0, 0, 0, 0, 0, 0]
----------------------------------------------
delta is : [0, 0, 0, 0, 0.6257695723171012, 0, 0, 0, 0, 0]
